	mass A		
t	x	y	
0.000	-3.640E-2	-0.213
0.033	-4.156E-2	-0.212
0.067	-4.349E-2	-0.212
0.100	-4.227E-2	-0.212
0.133	-4.016E-2	-0.212
0.167	-3.828E-2	-0.213
0.200	-3.210E-2	-0.214
0.233	-2.619E-2	-0.215
0.267	-1.887E-2	-0.215
0.300	-1.237E-2	-0.216
0.334	-3.655E-3	-0.216
0.367	4.787E-3	-0.216
0.400	1.383E-2	-0.216
0.434	2.053E-2	-0.215
0.467	2.702E-2	-0.215
0.500	3.467E-2	-0.214
0.534	3.692E-2	-0.213
0.567	3.915E-2	-0.213
0.600	4.125E-2	-0.212
0.634	4.089E-2	-0.212
0.667	3.810E-2	-0.213
0.700	3.374E-2	-0.214
0.734	2.594E-2	-0.215
0.767	1.831E-2	-0.215
0.800	1.136E-2	-0.216
0.834	2.503E-3	-0.216
0.867	-5.143E-3	-0.216
0.901	-1.406E-2	-0.216
0.934	-2.250E-2	-0.215
0.967	-2.963E-2	-0.214
1.001	-3.479E-2	-0.214
1.034	-3.849E-2	-0.213
1.067	-4.115E-2	-0.212
1.101	-4.134E-2	-0.212
1.134	-4.054E-2	-0.212
1.167	-3.694E-2	-0.213
1.201	-3.266E-2	-0.214
1.234	-2.735E-2	-0.214
1.267	-1.934E-2	-0.215
1.301	-1.254E-2	-0.216
1.334	-4.350E-3	-0.216
1.368	3.570E-3	-0.216
1.401	1.246E-2	-0.216
1.434	1.973E-2	-0.215
1.468	2.689E-2	-0.214
1.501	3.236E-2	-0.213
1.534	3.718E-2	-0.213
1.568	4.049E-2	-0.212
1.601	4.238E-2	-0.212
1.634	4.070E-2	-0.212
1.668	3.946E-2	-0.213
1.701	3.646E-2	-0.213
1.734	2.997E-2	-0.214
1.768	2.245E-2	-0.215
1.801	1.408E-2	-0.216
1.834	3.899E-3	-0.216
1.868	-3.433E-3	-0.216
1.901	-1.291E-2	-0.216
1.935	-2.138E-2	-0.215
1.968	-2.831E-2	-0.215
2.001	-3.457E-2	-0.214
2.035	-3.875E-2	-0.213
2.068	-4.182E-2	-0.212
2.101	-4.311E-2	-0.212
2.135	-4.268E-2	-0.212
2.168	-3.948E-2	-0.213
2.201	-3.582E-2	-0.213
2.235	-3.102E-2	-0.214
2.268	-2.362E-2	-0.215
2.301	-1.671E-2	-0.216
2.335	-9.296E-3	-0.216
2.368	-1.118E-4	-0.216
2.401	8.781E-3	-0.216
2.435	1.611E-2	-0.216
2.468	2.355E-2	-0.215
2.502	2.892E-2	-0.214
2.535	3.377E-2	-0.214
2.568	3.762E-2	-0.213
2.602	3.975E-2	-0.213
2.635	3.978E-2	-0.213
2.668	3.759E-2	-0.213
2.702	3.359E-2	-0.214
2.735	2.881E-2	-0.214
2.768	2.255E-2	-0.215
2.802	1.500E-2	-0.216
2.835	6.881E-3	-0.216
2.868	-1.880E-3	-0.216
2.902	-1.255E-2	-0.216
2.935	-2.191E-2	-0.215
2.969	-2.708E-2	-0.214
3.002	-3.394E-2	-0.213
3.035	-3.912E-2	-0.212
3.069	-4.226E-2	-0.212
3.102	-4.335E-2	-0.212
3.135	-4.302E-2	-0.212
3.169	-4.090E-2	-0.212
3.202	-3.709E-2	-0.212
3.235	-3.246E-2	-0.213
3.269	-2.544E-2	-0.214
3.302	-1.857E-2	-0.215
3.335	-1.018E-2	-0.215
3.369	-2.775E-3	-0.216
3.402	6.050E-3	-0.215
3.435	1.306E-2	-0.215
3.469	2.297E-2	-0.214
3.502	2.880E-2	-0.214
3.536	3.354E-2	-0.213
3.569	3.750E-2	-0.212
3.602	3.958E-2	-0.212
3.636	3.951E-2	-0.212
3.669	3.771E-2	-0.212
3.702	3.408E-2	-0.213
3.736	2.919E-2	-0.214
3.769	2.328E-2	-0.214
3.802	1.567E-2	-0.215
3.836	6.252E-3	-0.216
3.869	-2.430E-3	-0.216
3.902	-1.149E-2	-0.215
3.936	-1.999E-2	-0.215
3.969	-2.787E-2	-0.214
4.002	-3.421E-2	-0.213
4.036	-3.961E-2	-0.212
4.069	-4.291E-2	-0.211
4.103	-4.463E-2	-0.211
4.136	-4.453E-2	-0.211
4.169	-4.265E-2	-0.211
4.203	-3.924E-2	-0.212
4.236	-3.481E-2	-0.213
4.269	-2.862E-2	-0.213
4.303	-2.076E-2	-0.214
4.336	-1.350E-2	-0.215
4.369	-5.384E-3	-0.215
4.403	4.576E-3	-0.215
4.436	1.082E-2	-0.215
4.469	1.966E-2	-0.215
4.503	2.615E-2	-0.214
4.536	3.341E-2	-0.213
4.570	3.779E-2	-0.212
4.603	3.980E-2	-0.212
4.636	4.011E-2	-0.212
4.670	3.999E-2	-0.212
4.703	3.650E-2	-0.213
4.736	3.235E-2	-0.213
4.770	2.546E-2	-0.214
4.803	1.854E-2	-0.215
4.836	9.721E-3	-0.216
4.870	1.128E-4	-0.216
4.903	-8.622E-3	-0.216
4.936	-1.723E-2	-0.215
4.970	-2.433E-2	-0.215
5.003	-2.941E-2	-0.214
5.036	-3.570E-2	-0.213
5.070	-3.925E-2	-0.212
5.103	-4.034E-2	-0.212
5.137	-4.203E-2	-0.212
5.170	-4.018E-2	-0.212
5.203	-3.856E-2	-0.212
5.237	-3.472E-2	-0.213
5.270	-2.827E-2	-0.214
5.303	-2.316E-2	-0.215
5.337	-1.366E-2	-0.216
5.370	-6.924E-3	-0.216
5.403	1.534E-3	-0.216
5.437	1.058E-2	-0.216
5.470	1.691E-2	-0.216
5.503	2.405E-2	-0.215
5.537	2.943E-2	-0.214
5.570	3.391E-2	-0.214
5.603	3.777E-2	-0.213
5.637	3.807E-2	-0.213
5.670	3.807E-2	-0.213
5.704	3.615E-2	-0.213
5.737	3.216E-2	-0.214
5.770	2.704E-2	-0.215
5.804	2.110E-2	-0.215
5.837	1.330E-2	-0.216
5.870	4.660E-3	-0.216
5.904	-3.566E-3	-0.216
5.937	-1.338E-2	-0.216
5.970	-1.871E-2	-0.216
6.004	-2.786E-2	-0.215
6.037	-3.234E-2	-0.214
6.070	-3.614E-2	-0.213
6.104	-3.951E-2	-0.213
6.137	-3.911E-2	-0.213
6.171	-3.910E-2	-0.213
6.204	-3.721E-2	-0.213
6.237	-3.334E-2	-0.214
6.271	-2.882E-2	-0.214
6.304	-2.106E-2	-0.215
6.337	-1.386E-2	-0.216
6.371	-7.523E-3	-0.216
6.404	-1.216E-3	-0.216
6.437	7.969E-3	-0.216
6.471	1.525E-2	-0.216
6.504	2.224E-2	-0.215
6.537	2.785E-2	-0.215
6.571	3.256E-2	-0.214
6.604	3.609E-2	-0.213
6.637	3.795E-2	-0.213
6.671	3.778E-2	-0.213
6.704	3.598E-2	-0.213
6.738	3.183E-2	-0.214
6.771	2.679E-2	-0.215
6.804	2.145E-2	-0.215
6.838	1.295E-2	-0.216
6.871	4.640E-3	-0.216
6.904	-4.765E-3	-0.216
6.938	-1.350E-2	-0.216
6.971	-2.162E-2	-0.215
7.004	-2.804E-2	-0.215
7.038	-3.242E-2	-0.214
7.071	-3.607E-2	-0.213
7.104	-3.926E-2	-0.213
7.138	-4.045E-2	-0.212
7.171	-4.024E-2	-0.212
7.204	-3.815E-2	-0.213
7.238	-3.432E-2	-0.213
7.271	-2.994E-2	-0.214
7.305	-2.505E-2	-0.215
7.338	-1.875E-2	-0.215
7.371	-1.070E-2	-0.216
7.405	-2.857E-3	-0.216
7.438	4.737E-3	-0.216
7.471	1.258E-2	-0.216
7.505	2.024E-2	-0.215
7.538	2.680E-2	-0.215
7.571	3.167E-2	-0.214
7.605	3.545E-2	-0.213
7.638	3.767E-2	-0.213
7.671	3.914E-2	-0.213
7.705	3.726E-2	-0.213
7.738	3.481E-2	-0.213
7.772	3.026E-2	-0.214
7.805	2.255E-2	-0.215
7.838	1.536E-2	-0.216
7.872	8.327E-3	-0.216
7.905	-1.088E-3	-0.216
7.938	-9.281E-3	-0.216
7.972	-1.911E-2	-0.215
8.005	-2.530E-2	-0.215
8.038	-3.210E-2	-0.214
8.072	-3.569E-2	-0.213
8.105	-3.887E-2	-0.212
8.138	-4.014E-2	-0.212
8.172	-3.973E-2	-0.212
8.205	-3.960E-2	-0.212
8.238	-3.562E-2	-0.213
8.272	-3.137E-2	-0.213
8.305	-2.688E-2	-0.214
8.339	-1.893E-2	-0.215
8.372	-1.161E-2	-0.215
8.405	-4.858E-3	-0.216
8.439	3.471E-3	-0.216
8.472	1.217E-2	-0.216
8.505	2.035E-2	-0.215
8.539	2.664E-2	-0.214
8.572	3.178E-2	-0.214
8.605	3.594E-2	-0.213
8.639	3.810E-2	-0.213
8.672	3.948E-2	-0.212
8.705	3.782E-2	-0.213
8.739	3.564E-2	-0.213
8.772	3.121E-2	-0.214
8.805	2.580E-2	-0.214
8.839	1.721E-2	-0.215
8.872	1.070E-2	-0.216
8.906	2.014E-3	-0.216
8.939	-6.563E-3	-0.216
8.972	-1.428E-2	-0.215
9.006	-2.112E-2	-0.215
9.039	-2.880E-2	-0.214
9.072	-3.282E-2	-0.213
9.106	-3.623E-2	-0.213
9.139	-3.744E-2	-0.212
9.172	-3.917E-2	-0.212
9.206	-3.881E-2	-0.212
9.239	-3.492E-2	-0.213
9.272	-3.102E-2	-0.213
9.306	-2.655E-2	-0.214
9.339	-2.138E-2	-0.215
9.373	-1.492E-2	-0.215
9.406	-7.444E-3	-0.216
9.439	8.560E-4	-0.216
9.473	1.075E-2	-0.216
9.506	1.751E-2	-0.215
9.539	2.449E-2	-0.215
9.573	2.991E-2	-0.214
9.606	3.450E-2	-0.213
9.639	3.667E-2	-0.213
9.673	3.843E-2	-0.213
9.706	3.830E-2	-0.213
9.739	3.611E-2	-0.213
9.773	3.199E-2	-0.214
9.806	2.699E-2	-0.214
9.839	2.053E-2	-0.215
9.873	1.287E-2	-0.216
9.906	4.701E-3	-0.216
9.940	-3.537E-3	-0.216
9.973	-1.220E-2	-0.216
10.006	-2.138E-2	-0.215
10.040	-2.710E-2	-0.214
10.073	-3.158E-2	-0.214
10.106	-3.535E-2	-0.213
10.140	-3.677E-2	-0.213
10.173	-3.844E-2	-0.212
10.206	-3.837E-2	-0.212
10.240	-3.659E-2	-0.213
10.273	-3.290E-2	-0.213
10.306	-2.865E-2	-0.214
10.340	-2.069E-2	-0.215
10.373	-1.446E-2	-0.216
10.406	-7.938E-3	-0.216
10.440	-2.028E-4	-0.216
10.473	6.506E-3	-0.216
10.507	1.387E-2	-0.216
10.540	2.151E-2	-0.215
10.573	2.749E-2	-0.215
10.607	3.405E-2	-0.214
10.640	3.633E-2	-0.213
10.673	3.833E-2	-0.213
10.707	3.822E-2	-0.213
10.740	3.615E-2	-0.213
10.773	3.378E-2	-0.214
10.807	2.910E-2	-0.214
10.840	2.111E-2	-0.215
10.873	1.367E-2	-0.216
10.907	6.066E-3	-0.216
10.940	-1.868E-3	-0.216
10.974	-1.244E-2	-0.216
11.007	-1.791E-2	-0.216
11.040	-2.375E-2	-0.215
11.074	-2.856E-2	-0.214
11.107	-3.249E-2	-0.214
11.140	-3.624E-2	-0.213
11.174	-3.768E-2	-0.213
11.207	-3.751E-2	-0.213
11.240	-3.539E-2	-0.213
11.274	-3.358E-2	-0.213
11.307	-2.971E-2	-0.214
11.340	-2.225E-2	-0.215
11.374	-1.617E-2	-0.216
11.407	-1.072E-2	-0.216
11.440	-2.895E-3	-0.216
11.474	4.261E-3	-0.216
11.507	1.294E-2	-0.216
11.541	2.113E-2	-0.215
11.574	2.712E-2	-0.215
11.607	3.197E-2	-0.214
11.641	3.598E-2	-0.213
11.674	3.792E-2	-0.213
11.707	3.785E-2	-0.213
11.741	3.744E-2	-0.213
11.774	3.357E-2	-0.214
11.807	2.880E-2	-0.214
11.841	2.318E-2	-0.215
11.874	1.589E-2	-0.216
11.907	7.058E-3	-0.216
11.941	-3.576E-4	-0.216
11.974	-8.501E-3	-0.216
12.007	-1.678E-2	-0.216
12.041	-2.321E-2	-0.215
12.074	-2.794E-2	-0.214
12.108	-3.172E-2	-0.214
12.141	-3.514E-2	-0.213
12.174	-3.685E-2	-0.213
12.208	-3.835E-2	-0.212
12.241	-3.641E-2	-0.213
12.274	-3.436E-2	-0.213
12.308	-3.042E-2	-0.214
12.341	-2.580E-2	-0.214
12.374	-2.043E-2	-0.215
12.408	-1.232E-2	-0.216
12.441	-4.678E-3	-0.216
12.474	4.145E-3	-0.216
12.508	1.037E-2	-0.216
12.541	1.870E-2	-0.215
12.575	2.521E-2	-0.215
12.608	3.046E-2	-0.214
12.641	3.462E-2	-0.213
12.675	3.672E-2	-0.213
12.708	3.816E-2	-0.213
12.741	3.649E-2	-0.213
12.775	3.422E-2	-0.213
12.808	2.986E-2	-0.214
12.841	2.436E-2	-0.215
12.875	1.748E-2	-0.215
12.908	8.965E-3	-0.216
12.941	2.136E-3	-0.216
12.975	-6.550E-3	-0.216
13.008	-1.353E-2	-0.216
13.041	-2.096E-2	-0.215
13.075	-2.618E-2	-0.214
13.108	-3.022E-2	-0.214
13.142	-3.401E-2	-0.213
13.175	-3.769E-2	-0.212
13.208	-3.706E-2	-0.212
13.242	-3.728E-2	-0.212
13.275	-3.546E-2	-0.213
13.308	-3.143E-2	-0.213
13.342	-2.728E-2	-0.214
13.375	-2.228E-2	-0.215
13.408	-1.500E-2	-0.215
13.442	-7.745E-3	-0.216
13.475	1.328E-3	-0.216
13.508	8.192E-3	-0.216
13.542	1.738E-2	-0.215
13.575	2.432E-2	-0.215
13.608	2.985E-2	-0.214
13.642	3.419E-2	-0.213
13.675	3.771E-2	-0.213
13.709	3.806E-2	-0.213
13.742	3.787E-2	-0.213
13.775	3.582E-2	-0.213
13.809	3.172E-2	-0.214
13.842	2.657E-2	-0.214
13.875	2.033E-2	-0.215
13.909	1.250E-2	-0.216
13.942	4.706E-3	-0.216
13.975	-3.458E-3	-0.216
14.009	-1.162E-2	-0.216
14.042	-2.047E-2	-0.215
14.075	-2.608E-2	-0.214
14.109	-3.062E-2	-0.214
14.142	-3.448E-2	-0.213
14.176	-3.597E-2	-0.213
14.209	-3.765E-2	-0.212
14.242	-3.761E-2	-0.212
14.276	-3.583E-2	-0.213
14.309	-3.210E-2	-0.213
14.342	-2.789E-2	-0.214
14.376	-2.316E-2	-0.215
14.409	-1.710E-2	-0.215
14.442	-8.336E-3	-0.216
14.476	-1.097E-3	-0.216
14.509	5.786E-3	-0.216
14.542	1.580E-2	-0.216
14.576	2.096E-2	-0.215
14.609	2.695E-2	-0.215
14.642	3.168E-2	-0.214
14.676	3.543E-2	-0.213
14.709	3.730E-2	-0.213
14.743	3.719E-2	-0.213
14.776	3.535E-2	-0.213
14.809	3.122E-2	-0.214
14.843	2.644E-2	-0.215
14.876	2.052E-2	-0.215
14.909	1.272E-2	-0.216
14.943	5.449E-3	-0.216
14.976	-2.186E-3	-0.216
15.009	-1.091E-2	-0.216
15.043	-1.678E-2	-0.216
15.076	-2.290E-2	-0.215
15.109	-2.769E-2	-0.214
15.143	-3.169E-2	-0.214
15.176	-3.562E-2	-0.213
15.209	-3.696E-2	-0.213
15.243	-3.690E-2	-0.213
15.276	-3.495E-2	-0.213
15.310	-3.317E-2	-0.213
15.343	-2.704E-2	-0.214
15.376	-2.176E-2	-0.215
15.410	-1.528E-2	-0.216
15.443	-1.001E-2	-0.216
15.476	-1.755E-3	-0.216
15.510	5.812E-3	-0.216
15.543	1.313E-2	-0.216
15.576	2.080E-2	-0.215
15.610	2.681E-2	-0.215
15.643	3.170E-2	-0.214
15.676	3.547E-2	-0.213
15.710	3.738E-2	-0.213
15.743	3.725E-2	-0.213
15.776	3.686E-2	-0.213
15.810	3.310E-2	-0.214
15.843	2.849E-2	-0.214
15.877	2.289E-2	-0.215
15.910	1.580E-2	-0.216
15.943	9.130E-3	-0.216
15.977	4.195E-4	-0.216
16.010	-8.552E-3	-0.216
16.043	-1.509E-2	-0.216
16.077	-2.205E-2	-0.215
16.110	-2.690E-2	-0.214
16.143	-3.120E-2	-0.214
16.177	-3.492E-2	-0.213
16.210	-3.639E-2	-0.213
16.243	-3.621E-2	-0.213
16.277	-3.630E-2	-0.213
16.310	-3.240E-2	-0.213
16.344	-2.850E-2	-0.214
16.377	-2.371E-2	-0.215
16.410	-1.811E-2	-0.215
16.444	-1.092E-2	-0.216
16.477	-4.035E-3	-0.216
16.510	3.407E-3	-0.216
16.544	1.154E-2	-0.216
16.577	1.765E-2	-0.216
16.610	2.430E-2	-0.215
16.644	2.949E-2	-0.214
16.677	3.367E-2	-0.214
16.710	3.592E-2	-0.213
16.744	3.738E-2	-0.213
16.777	3.560E-2	-0.213
16.810	3.344E-2	-0.214
16.844	2.888E-2	-0.214
16.877	2.332E-2	-0.215
16.911	1.649E-2	-0.216
16.944	1.006E-2	-0.216
16.977	1.455E-3	-0.216
17.011	-6.672E-3	-0.216
17.044	-1.414E-2	-0.216
17.077	-2.149E-2	-0.215
17.111	-2.644E-2	-0.214
17.144	-3.064E-2	-0.214
17.177	-3.441E-2	-0.213
17.211	-3.616E-2	-0.213
17.244	-3.762E-2	-0.212
17.277	-3.564E-2	-0.213
17.311	-3.404E-2	-0.213
17.344	-3.006E-2	-0.214
17.377	-2.567E-2	-0.214
17.411	-2.048E-2	-0.215
17.444	-1.369E-2	-0.216
17.478	-5.537E-3	-0.216
17.511	8.679E-4	-0.216
17.544	9.752E-3	-0.216
17.578	1.625E-2	-0.216
17.611	2.295E-2	-0.215
17.644	2.842E-2	-0.214
17.678	3.282E-2	-0.214
17.711	3.515E-2	-0.213
17.744	3.681E-2	-0.213
17.778	3.526E-2	-0.213
17.811	3.308E-2	-0.214
17.844	3.041E-2	-0.214
17.878	2.526E-2	-0.215
17.911	1.886E-2	-0.215
17.945	1.081E-2	-0.216
17.978	2.978E-3	-0.216
18.011	-4.829E-3	-0.216
18.045	-1.157E-2	-0.216
18.078	-1.873E-2	-0.215
18.111	-2.446E-2	-0.215
18.145	-2.903E-2	-0.214
18.178	-3.294E-2	-0.213
18.211	-3.437E-2	-0.213
18.245	-3.632E-2	-0.213
18.278	-3.628E-2	-0.213
18.311	-3.459E-2	-0.213
18.345	-3.074E-2	-0.214
18.378	-2.652E-2	-0.214
18.411	-2.139E-2	-0.215
18.445	-1.459E-2	-0.216
18.478	-8.515E-3	-0.216
18.512	-7.061E-4	-0.216
18.545	6.112E-3	-0.216
18.578	1.325E-2	-0.216
18.612	2.087E-2	-0.215
18.645	2.665E-2	-0.215
18.678	3.132E-2	-0.214
18.712	3.371E-2	-0.214
18.745	3.561E-2	-0.213
18.778	3.554E-2	-0.213
18.812	3.370E-2	-0.214
18.845	3.128E-2	-0.214
18.878	2.638E-2	-0.215
18.912	2.037E-2	-0.215
18.945	1.251E-2	-0.216
18.978	5.289E-3	-0.216
19.012	-1.895E-3	-0.216
19.045	-1.030E-2	-0.216
19.079	-1.587E-2	-0.216
19.112	-2.200E-2	-0.215
19.145	-2.690E-2	-0.214
19.179	-3.138E-2	-0.214
19.212	-3.276E-2	-0.213
19.245	-3.469E-2	-0.213
19.279	-3.472E-2	-0.213
19.312	-3.278E-2	-0.213
19.345	-3.123E-2	-0.214
19.379	-2.682E-2	-0.214
19.412	-2.167E-2	-0.215
19.445	-1.555E-2	-0.216
19.479	-9.460E-3	-0.216
19.512	-2.073E-3	-0.216
19.546	5.553E-3	-0.216
19.579	1.281E-2	-0.216
19.612	2.047E-2	-0.215
19.646	2.649E-2	-0.215
19.679	3.135E-2	-0.214
19.712	3.367E-2	-0.214
19.746	3.558E-2	-0.213
19.779	3.583E-2	-0.213
19.812	3.400E-2	-0.214
19.846	3.151E-2	-0.214
19.879	2.683E-2	-0.215
19.912	2.111E-2	-0.215
19.946	1.322E-2	-0.216
19.979	5.592E-3	-0.216
20.012	1.477E-4	-0.216
20.046	-9.828E-3	-0.216
20.079	-1.593E-2	-0.216
20.113	-2.226E-2	-0.215
20.146	-2.710E-2	-0.214
20.179	-3.132E-2	-0.214
20.213	-3.314E-2	-0.213
20.246	-3.481E-2	-0.213
20.279	-3.449E-2	-0.213
20.313	-3.500E-2	-0.213
20.346	-3.083E-2	-0.214
20.379	-2.629E-2	-0.214
20.413	-2.156E-2	-0.215
20.446	-1.557E-2	-0.216
20.479	-1.044E-2	-0.216
20.513	-3.376E-3	-0.216
20.546	4.071E-3	-0.216
20.579	1.182E-2	-0.216
20.613	1.759E-2	-0.216
20.646	2.390E-2	-0.215
20.680	2.905E-2	-0.214
20.713	3.335E-2	-0.214
20.746	3.538E-2	-0.213
20.780	3.561E-2	-0.213
20.813	3.522E-2	-0.213
20.846	3.305E-2	-0.214
20.880	2.869E-2	-0.214
20.913	2.324E-2	-0.215
20.946	1.636E-2	-0.216
20.980	9.850E-3	-0.216
21.013	1.281E-3	-0.216
21.046	-7.988E-3	-0.216
21.080	-1.472E-2	-0.216
21.113	-2.144E-2	-0.215
21.147	-2.666E-2	-0.214
21.180	-3.096E-2	-0.214
21.213	-3.463E-2	-0.213
21.247	-3.647E-2	-0.213
21.280	-3.648E-2	-0.213
21.313	-3.632E-2	-0.213
21.347	-3.275E-2	-0.213
21.380	-2.887E-2	-0.214
21.413	-2.430E-2	-0.215
21.447	-1.888E-2	-0.215
21.480	-1.227E-2	-0.216
21.513	-5.801E-3	-0.216
21.547	2.056E-3	-0.216
21.580	1.020E-2	-0.216
21.613	1.651E-2	-0.216
21.647	2.310E-2	-0.215
21.680	2.860E-2	-0.214
21.714	3.288E-2	-0.214
21.747	3.503E-2	-0.213
21.780	3.530E-2	-0.213
21.814	3.523E-2	-0.213
21.847	3.312E-2	-0.214
21.880	2.876E-2	-0.214
21.914	2.349E-2	-0.215
21.947	1.688E-2	-0.216
21.980	1.083E-2	-0.216
22.014	3.256E-3	-0.216
22.047	-4.385E-3	-0.216
22.080	-1.117E-2	-0.216
22.114	-1.855E-2	-0.215
22.147	-2.419E-2	-0.215
22.180	-2.888E-2	-0.214
22.214	-3.301E-2	-0.213
22.247	-3.474E-2	-0.213
22.281	-3.651E-2	-0.213
22.314	-3.468E-2	-0.213
22.347	-3.268E-2	-0.213
22.381	-2.862E-2	-0.214
22.414	-2.419E-2	-0.215
22.447	-1.877E-2	-0.215
22.481	-1.321E-2	-0.216
22.514	-6.768E-3	-0.216
22.547	1.002E-3	-0.216
22.581	7.576E-3	-0.216
22.614	1.409E-2	-0.216
22.647	2.114E-2	-0.215
22.681	2.673E-2	-0.215
22.714	3.155E-2	-0.214
22.748	3.381E-2	-0.214
22.781	3.567E-2	-0.213
22.814	3.558E-2	-0.213
22.848	3.366E-2	-0.214
22.881	3.101E-2	-0.214
22.914	2.604E-2	-0.215
22.948	2.004E-2	-0.215
22.981	1.249E-2	-0.216
23.014	4.827E-3	-0.216
23.048	-2.155E-3	-0.216
23.081	-9.803E-3	-0.216
23.114	-1.512E-2	-0.216
23.148	-2.156E-2	-0.215
23.181	-2.670E-2	-0.214
23.214	-3.094E-2	-0.214
23.248	-3.279E-2	-0.213
23.281	-3.516E-2	-0.213
23.315	-3.506E-2	-0.213
23.348	-3.346E-2	-0.213
23.381	-3.160E-2	-0.214
23.415	-2.745E-2	-0.214
23.448	-2.235E-2	-0.215
23.481	-1.556E-2	-0.216
23.515	-8.654E-3	-0.216
23.548	-1.786E-3	-0.216
23.581	5.134E-3	-0.216
23.615	1.259E-2	-0.216
23.648	1.796E-2	-0.216
23.681	2.410E-2	-0.215
23.715	2.913E-2	-0.214
23.748	3.327E-2	-0.214
23.781	3.520E-2	-0.213
23.815	3.533E-2	-0.213
23.848	3.346E-2	-0.214
23.882	3.101E-2	-0.214
23.915	2.625E-2	-0.215
23.948	2.046E-2	-0.215
23.982	1.277E-2	-0.216
24.015	5.947E-3	-0.216
24.048	-8.765E-4	-0.216
24.082	-8.761E-3	-0.216
24.115	-1.500E-2	-0.216
24.148	-2.188E-2	-0.215
24.182	-2.671E-2	-0.214
24.215	-3.105E-2	-0.214
24.248	-3.302E-2	-0.213
24.282	-3.477E-2	-0.213
24.315	-3.503E-2	-0.213
24.349	-3.339E-2	-0.213
24.382	-3.141E-2	-0.214
24.415	-2.722E-2	-0.214
24.449	-2.223E-2	-0.215
24.482	-1.621E-2	-0.216
24.515	-1.037E-2	-0.216
24.549	-3.032E-3	-0.216
24.582	3.830E-3	-0.216
24.615	1.143E-2	-0.216
24.649	1.715E-2	-0.216
24.682	2.349E-2	-0.215
24.715	2.878E-2	-0.214
24.749	3.291E-2	-0.214
24.782	3.353E-2	-0.214
24.815	3.509E-2	-0.213
24.849	3.321E-2	-0.214
24.882	3.081E-2	-0.214
24.916	2.632E-2	-0.215
24.949	2.241E-2	-0.215
24.982	1.563E-2	-0.216
25.016	8.957E-3	-0.216
25.049	4.450E-4	-0.216
25.082	-6.735E-3	-0.216
25.116	-1.349E-2	-0.216
25.149	-2.044E-2	-0.215
25.182	-2.601E-2	-0.214
25.216	-3.052E-2	-0.214
25.249	-3.256E-2	-0.213
25.282	-3.460E-2	-0.213
25.316	-3.466E-2	-0.213
25.349	-3.479E-2	-0.213
25.382	-3.300E-2	-0.213
25.416	-2.912E-2	-0.214
25.449	-2.442E-2	-0.215
25.483	-1.861E-2	-0.215
25.516	-1.219E-2	-0.216
25.549	-5.721E-3	-0.216
25.583	1.597E-3	-0.216
25.616	1.036E-2	-0.216
25.649	1.600E-2	-0.216
25.683	2.268E-2	-0.215
25.716	2.811E-2	-0.214
25.749	3.101E-2	-0.214
25.783	3.327E-2	-0.214
25.816	3.359E-2	-0.214
25.849	3.329E-2	-0.214
25.883	3.082E-2	-0.214
25.916	2.810E-2	-0.214
25.950	2.295E-2	-0.215
25.983	1.611E-2	-0.216
26.016	1.010E-2	-0.216
26.050	4.357E-3	-0.216
26.083	-3.244E-3	-0.216
26.116	-1.107E-2	-0.216
26.150	-1.695E-2	-0.215
26.183	-2.273E-2	-0.215
26.216	-2.773E-2	-0.214
26.250	-2.984E-2	-0.214
26.283	-3.186E-2	-0.213
26.316	-3.444E-2	-0.213
26.350	-3.460E-2	-0.213
26.383	-3.298E-2	-0.213
26.416	-2.907E-2	-0.214
26.450	-2.444E-2	-0.215
26.483	-1.887E-2	-0.215
26.517	-1.461E-2	-0.216
26.550	-8.048E-3	-0.216
26.583	-5.487E-4	-0.216
26.617	8.030E-3	-0.216
26.650	1.486E-2	-0.216
26.683	2.175E-2	-0.215
26.717	2.742E-2	-0.214
26.750	3.046E-2	-0.214
26.783	3.296E-2	-0.214
26.817	3.473E-2	-0.213
26.850	3.464E-2	-0.213
26.883	3.251E-2	-0.214
26.917	2.841E-2	-0.214
26.950	2.308E-2	-0.215
26.983	1.885E-2	-0.215
27.017	1.106E-2	-0.216
27.050	5.835E-3	-0.216
27.084	-9.637E-4	-0.216
27.117	-8.456E-3	-0.216
27.150	-1.466E-2	-0.215
27.184	-2.097E-2	-0.215
27.217	-2.628E-2	-0.214
27.250	-3.100E-2	-0.214
27.284	-3.327E-2	-0.213
27.317	-3.511E-2	-0.213
27.350	-3.353E-2	-0.213
27.384	-3.369E-2	-0.213
27.417	-2.949E-2	-0.214
27.450	-2.532E-2	-0.215
27.484	-1.921E-2	-0.215
27.517	-1.608E-2	-0.216
27.551	-9.119E-3	-0.216
27.584	-1.687E-3	-0.216
27.617	5.165E-3	-0.216
27.651	1.219E-2	-0.216
27.684	1.773E-2	-0.216
27.717	2.381E-2	-0.215
27.751	2.890E-2	-0.214
27.784	3.130E-2	-0.214
27.817	3.346E-2	-0.214
27.851	3.354E-2	-0.214
27.884	3.158E-2	-0.214
27.917	2.891E-2	-0.214
27.951	2.391E-2	-0.215
27.984	1.995E-2	-0.215
28.017	1.260E-2	-0.216
28.051	5.289E-3	-0.216
28.084	-1.299E-3	-0.216
28.118	-8.918E-3	-0.216
28.151	-1.428E-2	-0.216
28.184	-2.137E-2	-0.215
28.218	-2.667E-2	-0.214
28.251	-2.906E-2	-0.214
28.284	-3.106E-2	-0.214
28.318	-3.323E-2	-0.213
28.351	-3.347E-2	-0.213
28.384	-3.132E-2	-0.214
28.418	-2.963E-2	-0.214
28.451	-2.499E-2	-0.215
28.484	-2.002E-2	-0.215
28.518	-1.608E-2	-0.216
28.551	-9.556E-3	-0.216
28.584	-2.564E-3	-0.216
28.618	4.189E-3	-0.216
28.651	1.143E-2	-0.216
28.685	1.720E-2	-0.216
28.718	2.342E-2	-0.215
28.751	2.851E-2	-0.214
28.785	3.126E-2	-0.214
28.818	3.352E-2	-0.214
28.851	3.355E-2	-0.214
28.885	3.315E-2	-0.214
28.918	3.077E-2	-0.214
28.951	2.593E-2	-0.215
28.985	2.027E-2	-0.215
29.018	1.525E-2	-0.216
29.051	8.593E-3	-0.216
29.085	3.481E-4	-0.216
29.118	-8.050E-3	-0.216
29.152	-1.367E-2	-0.216
29.185	-2.114E-2	-0.215
29.218	-2.390E-2	-0.215
29.252	-2.872E-2	-0.214
29.285	-3.076E-2	-0.214
29.318	-3.288E-2	-0.213
29.352	-3.273E-2	-0.213
29.385	-3.328E-2	-0.213
29.418	-3.159E-2	-0.214
29.452	-2.765E-2	-0.214
29.485	-2.237E-2	-0.215
29.518	-1.929E-2	-0.215
29.552	-1.162E-2	-0.216
29.585	-5.365E-3	-0.216
29.618	1.888E-3	-0.216
29.652	1.005E-2	-0.216
29.685	1.588E-2	-0.216
29.719	2.255E-2	-0.215
29.752	2.630E-2	-0.215
29.785	3.078E-2	-0.214
29.819	3.296E-2	-0.214
29.852	3.322E-2	-0.214
29.885	3.296E-2	-0.214
29.919	3.064E-2	-0.214
29.952	2.626E-2	-0.215
29.985	2.241E-2	-0.215
30.019	1.588E-2	-0.216
30.052	9.642E-3	-0.216
30.085	1.616E-3	-0.216
30.119	-6.600E-3	-0.216
30.152	-1.341E-2	-0.216
30.185	-1.786E-2	-0.215
30.219	-2.385E-2	-0.215
30.252	-2.869E-2	-0.214
30.286	-3.087E-2	-0.214
30.319	-3.324E-2	-0.213
30.352	-3.350E-2	-0.213
30.386	-3.366E-2	-0.213
30.419	-3.165E-2	-0.214
30.452	-2.752E-2	-0.214
30.486	-2.503E-2	-0.215
30.519	-1.960E-2	-0.215
30.552	-1.484E-2	-0.216
30.586	-7.540E-3	-0.216
30.619	-1.524E-3	-0.216
30.652	7.897E-3	-0.216
30.686	1.474E-2	-0.216
30.719	1.960E-2	-0.215
30.753	2.551E-2	-0.215
30.786	2.870E-2	-0.214
30.819	3.121E-2	-0.214
30.853	3.315E-2	-0.214
30.886	3.310E-2	-0.214
30.919	3.086E-2	-0.214
30.953	2.641E-2	-0.215
30.986	2.300E-2	-0.215
31.019	1.670E-2	-0.216
31.053	1.061E-2	-0.216
31.086	2.592E-3	-0.216
31.119	-3.654E-3	-0.216
31.153	-9.814E-3	-0.216
31.186	-1.560E-2	-0.216
31.219	-2.182E-2	-0.215
31.253	-2.688E-2	-0.214
31.286	-2.950E-2	-0.214
31.320	-3.155E-2	-0.214
31.353	-3.388E-2	-0.213
31.386	-3.415E-2	-0.213
31.420	-3.237E-2	-0.214
31.453	-3.037E-2	-0.214
31.486	-2.573E-2	-0.215
31.520	-2.030E-2	-0.215
31.553	-1.631E-2	-0.216
31.586	-8.366E-3	-0.216
31.620	-6.437E-4	-0.216
31.653	5.781E-3	-0.216
31.686	1.277E-2	-0.216
31.720	1.979E-2	-0.215
31.753	2.387E-2	-0.215
31.786	2.888E-2	-0.214
31.820	3.135E-2	-0.214
31.853	3.335E-2	-0.214
31.887	3.330E-2	-0.214
31.920	3.130E-2	-0.214
31.953	2.871E-2	-0.214
31.987	2.366E-2	-0.215
32.020	1.962E-2	-0.215
32.053	1.181E-2	-0.216
32.087	4.798E-3	-0.216
32.120	-1.717E-3	-0.216
32.153	-8.923E-3	-0.216
32.187	-1.453E-2	-0.216
32.220	-2.159E-2	-0.215
32.253	-2.685E-2	-0.214
32.287	-2.941E-2	-0.214
32.320	-3.181E-2	-0.214
32.353	-3.398E-2	-0.213
32.387	-3.409E-2	-0.213
32.420	-3.218E-2	-0.214
32.454	-3.055E-2	-0.214
32.487	-2.576E-2	-0.215
32.520	-2.052E-2	-0.215
32.554	-1.598E-2	-0.216
32.587	-8.871E-3	-0.216
32.620	-2.744E-3	-0.216
32.654	3.872E-3	-0.216
32.687	1.166E-2	-0.216
32.720	1.699E-2	-0.216
32.754	2.313E-2	-0.215
32.787	2.679E-2	-0.215
32.820	3.112E-2	-0.214
32.854	3.321E-2	-0.214
32.887	3.339E-2	-0.214
32.921	3.138E-2	-0.214
32.954	2.893E-2	-0.214
32.987	2.579E-2	-0.215
33.021	1.993E-2	-0.215
33.054	1.482E-2	-0.216
33.087	8.195E-3	-0.216
33.121	2.281E-3	-0.216
33.154	-5.997E-3	-0.216
33.187	-1.263E-2	-0.216
33.221	-1.766E-2	-0.215
33.254	-2.352E-2	-0.215
33.287	-2.881E-2	-0.214
33.321	-3.118E-2	-0.214
33.354	-3.324E-2	-0.213
33.387	-3.372E-2	-0.213
33.421	-3.181E-2	-0.214
33.454	-2.980E-2	-0.214
33.488	-2.753E-2	-0.214
33.521	-2.257E-2	-0.215
33.554	-1.590E-2	-0.216
33.588	-1.033E-2	-0.216
33.621	-4.118E-3	-0.216
33.654	3.247E-3	-0.216
33.688	1.051E-2	-0.216
33.721	1.650E-2	-0.216
33.754	2.284E-2	-0.215
33.788	2.646E-2	-0.215
33.821	3.091E-2	-0.214
33.854	3.159E-2	-0.214
33.888	3.322E-2	-0.214
33.921	3.140E-2	-0.214
33.954	2.905E-2	-0.214
33.988	2.599E-2	-0.215
34.021	2.019E-2	-0.215
34.055	1.546E-2	-0.216
34.088	9.186E-3	-0.216
34.121	3.416E-3	-0.216
34.155	-3.869E-3	-0.216
34.188	-1.125E-2	-0.216
34.221	-1.698E-2	-0.215
34.255	-2.330E-2	-0.215
34.288	-2.614E-2	-0.214
34.321	-3.108E-2	-0.214
34.355	-3.115E-2	-0.214
34.388	-3.373E-2	-0.213
34.421	-3.141E-2	-0.214
34.455	-2.999E-2	-0.214
34.488	-2.774E-2	-0.214
34.522	-2.259E-2	-0.215
34.555	-1.860E-2	-0.215
34.588	-1.179E-2	-0.216
34.622	-5.547E-3	-0.216
34.655	1.280E-3	-0.216
34.688	9.624E-3	-0.216
34.722	1.548E-2	-0.216
34.755	2.035E-2	-0.215
34.788	2.594E-2	-0.215
34.822	2.899E-2	-0.214
34.855	3.118E-2	-0.214
34.888	3.317E-2	-0.214
34.922	3.141E-2	-0.214
34.955	3.064E-2	-0.214
34.988	2.625E-2	-0.215
35.022	2.270E-2	-0.215
35.055	1.606E-2	-0.216
35.089	9.961E-3	-0.216
35.122	2.690E-3	-0.216
35.155	-3.649E-3	-0.216
35.189	-1.002E-2	-0.216
35.222	-1.538E-2	-0.216
35.255	-2.215E-2	-0.215
35.289	-2.748E-2	-0.214
35.322	-3.005E-2	-0.214
35.355	-3.245E-2	-0.214
35.389	-3.236E-2	-0.214
35.422	-3.262E-2	-0.214
35.455	-3.078E-2	-0.214
35.489	-2.857E-2	-0.214
35.522	-2.326E-2	-0.215
35.555	-1.993E-2	-0.215
35.589	-1.302E-2	-0.216
35.622	-6.774E-3	-0.216
35.656	4.424E-4	-0.216
35.689	6.507E-3	-0.216
35.722	1.290E-2	-0.216
35.756	2.017E-2	-0.215
35.789	2.406E-2	-0.215
35.822	2.889E-2	-0.214
35.856	3.135E-2	-0.214
35.889	3.185E-2	-0.214
35.922	3.162E-2	-0.214
35.956	2.938E-2	-0.214
35.989	2.667E-2	-0.215
36.022	2.327E-2	-0.215
36.056	1.677E-2	-0.216
36.089	1.139E-2	-0.216
36.123	3.988E-3	-0.216
36.156	-2.035E-3	-0.216
36.189	-8.880E-3	-0.216
36.223	-1.494E-2	-0.216
36.256	-2.177E-2	-0.215
36.289	-2.475E-2	-0.215
36.323	-2.980E-2	-0.214
36.356	-3.229E-2	-0.214
36.389	-3.242E-2	-0.214
36.423	-3.243E-2	-0.214
36.456	-3.024E-2	-0.214
36.489	-2.841E-2	-0.214
36.523	-2.589E-2	-0.215
36.556	-2.020E-2	-0.215
36.589	-1.666E-2	-0.216
36.623	-1.021E-2	-0.216
36.656	-2.895E-3	-0.216
36.690	4.240E-3	-0.216
36.723	1.125E-2	-0.216
36.756	1.668E-2	-0.216
36.790	2.282E-2	-0.215
36.823	2.627E-2	-0.215
36.856	2.894E-2	-0.214
36.890	3.111E-2	-0.214
36.923	3.113E-2	-0.214
36.956	3.061E-2	-0.214
36.990	2.813E-2	-0.214
37.023	2.299E-2	-0.215
37.056	1.913E-2	-0.215
37.090	1.399E-2	-0.216
37.123	7.221E-3	-0.216
37.156	1.024E-3	-0.216
37.190	-6.485E-3	-0.216
37.223	-1.271E-2	-0.216
37.257	-1.772E-2	-0.215
37.290	-2.396E-2	-0.215
37.323	-2.646E-2	-0.214
37.357	-2.932E-2	-0.214
37.390	-3.180E-2	-0.214
37.423	-3.218E-2	-0.214
37.457	-3.238E-2	-0.214
37.490	-3.042E-2	-0.214
37.523	-2.536E-2	-0.215
37.557	-2.264E-2	-0.215
37.590	-1.635E-2	-0.216
37.623	-9.966E-3	-0.216
37.657	-3.607E-3	-0.216
37.690	3.368E-3	-0.216
37.724	1.045E-2	-0.216
37.757	1.629E-2	-0.216
37.790	2.081E-2	-0.215
37.824	2.626E-2	-0.215
37.857	2.898E-2	-0.214
37.890	3.136E-2	-0.214
37.924	3.146E-2	-0.214
37.957	3.096E-2	-0.214
37.990	2.869E-2	-0.214
38.024	2.558E-2	-0.215
38.057	1.998E-2	-0.215
38.090	1.487E-2	-0.216
38.124	8.560E-3	-0.216
38.157	3.170E-3	-0.216
38.190	-4.231E-3	-0.216
38.224	-1.212E-2	-0.216
38.257	-1.716E-2	-0.215
38.291	-2.379E-2	-0.215
38.324	-2.693E-2	-0.214
38.357	-2.970E-2	-0.214
38.391	-3.198E-2	-0.214
38.424	-3.227E-2	-0.214
38.457	-3.249E-2	-0.214
38.491	-3.047E-2	-0.214
38.524	-2.826E-2	-0.214
38.557	-2.334E-2	-0.215
38.591	-1.732E-2	-0.216
38.624	-1.150E-2	-0.216
38.657	-5.343E-3	-0.216
38.691	1.877E-3	-0.216
38.724	9.237E-3	-0.216
38.757	1.536E-2	-0.216
38.791	2.022E-2	-0.215
38.824	2.403E-2	-0.215
38.858	2.877E-2	-0.214
38.891	3.086E-2	-0.214
38.924	3.125E-2	-0.214
38.958	3.096E-2	-0.214
38.991	2.871E-2	-0.214
39.024	2.572E-2	-0.215
39.058	2.030E-2	-0.215
39.091	1.560E-2	-0.216
39.124	9.451E-3	-0.216
39.158	4.184E-3	-0.216
39.191	-3.730E-3	-0.216
39.224	-1.006E-2	-0.216
39.258	-1.866E-2	-0.215
39.291	-2.183E-2	-0.215
39.325	-2.737E-2	-0.214
39.358	-2.992E-2	-0.214
39.391	-3.234E-2	-0.214
39.425	-3.276E-2	-0.214
39.458	-3.279E-2	-0.214
39.491	-3.072E-2	-0.214
39.525	-2.841E-2	-0.214
39.558	-2.326E-2	-0.215
39.591	-2.007E-2	-0.215
39.625	-1.275E-2	-0.216
39.658	-6.592E-3	-0.216
39.691	6.991E-4	-0.216
39.725	6.174E-3	-0.216
39.758	1.279E-2	-0.216
39.791	1.784E-2	-0.216
39.825	2.359E-2	-0.215
39.858	2.681E-2	-0.215
39.892	2.913E-2	-0.214
39.925	3.130E-2	-0.214
39.958	3.129E-2	-0.214
39.992	2.887E-2	-0.214
40.025	2.607E-2	-0.215
40.058	2.252E-2	-0.215
40.092	1.613E-2	-0.216
40.125	1.049E-2	-0.216
40.158	3.042E-3	-0.216
40.192	-2.985E-3	-0.216
40.225	-9.483E-3	-0.216
40.258	-1.525E-2	-0.216
40.292	-2.204E-2	-0.215
40.325	-2.539E-2	-0.215
40.358	-2.793E-2	-0.214
40.392	-3.046E-2	-0.214
40.425	-3.293E-2	-0.214
40.459	-3.310E-2	-0.214
40.492	-3.110E-2	-0.214
40.525	-2.868E-2	-0.214
40.559	-2.374E-2	-0.215
40.592	-2.027E-2	-0.215
40.625	-1.383E-2	-0.216
40.659	-7.687E-3	-0.216
40.692	-6.463E-4	-0.216
40.725	5.363E-3	-0.216
40.759	1.203E-2	-0.216
40.792	1.739E-2	-0.216
40.825	2.347E-2	-0.215
40.859	2.671E-2	-0.215
40.892	2.903E-2	-0.214
40.926	3.125E-2	-0.214
40.959	3.117E-2	-0.214
40.992	2.907E-2	-0.214
41.026	2.631E-2	-0.215
41.059	2.293E-2	-0.215
41.092	1.863E-2	-0.215
41.126	1.146E-2	-0.216
41.159	7.328E-3	-0.216
41.192	1.042E-3	-0.216
41.226	-6.468E-3	-0.216
41.259	-1.262E-2	-0.216
41.292	-1.798E-2	-0.215
41.326	-2.429E-2	-0.215
41.359	-2.762E-2	-0.214
41.392	-2.991E-2	-0.214
41.426	-3.243E-2	-0.214
41.459	-3.256E-2	-0.214
41.493	-3.055E-2	-0.214
41.526	-2.846E-2	-0.214
41.559	-2.591E-2	-0.215
41.593	-2.041E-2	-0.215
41.626	-1.518E-2	-0.216
41.659	-8.571E-3	-0.216
41.693	-2.731E-3	-0.216
41.726	3.390E-3	-0.216
41.759	1.082E-2	-0.216
41.793	1.628E-2	-0.216
41.826	2.249E-2	-0.215
41.859	2.584E-2	-0.215
41.893	2.853E-2	-0.214
41.926	3.084E-2	-0.214
41.959	3.078E-2	-0.214
41.993	2.882E-2	-0.214
42.026	2.617E-2	-0.215
42.060	2.296E-2	-0.215
42.093	1.874E-2	-0.215
42.126	1.393E-2	-0.216
42.160	7.253E-3	-0.216
42.193	1.794E-3	-0.216
42.226	-5.709E-3	-0.216
42.260	-1.235E-2	-0.216
42.293	-1.767E-2	-0.215
42.326	-2.149E-2	-0.215
42.360	-2.735E-2	-0.214
42.393	-2.997E-2	-0.214
42.426	-3.218E-2	-0.214
42.460	-3.268E-2	-0.214
42.493	-3.083E-2	-0.214
42.527	-2.856E-2	-0.214
42.560	-2.598E-2	-0.215
42.593	-2.064E-2	-0.215
42.627	-1.601E-2	-0.216
42.660	-1.006E-2	-0.216
42.693	-3.816E-3	-0.216
42.727	2.866E-3	-0.216
42.760	7.999E-3	-0.216
42.793	1.400E-2	-0.216
42.827	2.066E-2	-0.215
42.860	2.416E-2	-0.215
42.893	2.700E-2	-0.215
42.927	2.933E-2	-0.214
42.960	2.936E-2	-0.214
42.993	2.901E-2	-0.214
43.027	2.672E-2	-0.215
43.060	2.346E-2	-0.215
43.094	1.959E-2	-0.215
43.127	1.498E-2	-0.216
43.160	9.234E-3	-0.216
43.194	1.232E-3	-0.216
43.227	-6.639E-3	-0.216
43.260	-1.080E-2	-0.216
43.294	-1.614E-2	-0.216
43.327	-2.267E-2	-0.215
43.360	-2.576E-2	-0.215
43.394	-2.837E-2	-0.214
43.427	-3.085E-2	-0.214
43.460	-3.074E-2	-0.214
43.494	-3.096E-2	-0.214
43.527	-2.897E-2	-0.214
43.560	-2.640E-2	-0.215
43.594	-2.110E-2	-0.215
43.627	-1.664E-2	-0.216
43.661	-1.092E-2	-0.216
43.694	-4.822E-3	-0.216
43.727	1.874E-3	-0.216
43.761	6.933E-3	-0.216
43.794	1.321E-2	-0.216
43.827	2.013E-2	-0.215
43.861	2.373E-2	-0.215
43.894	2.687E-2	-0.215
43.927	2.925E-2	-0.214
43.961	2.936E-2	-0.214
43.994	2.921E-2	-0.214
44.027	2.676E-2	-0.215
44.061	2.383E-2	-0.215
44.094	2.024E-2	-0.215
44.128	1.571E-2	-0.216
44.161	1.017E-2	-0.216
44.194	4.784E-3	-0.216
44.228	-1.617E-3	-0.216
44.261	-8.953E-3	-0.216
44.294	-1.433E-2	-0.216
44.328	-1.916E-2	-0.215
44.361	-2.536E-2	-0.215
44.394	-2.811E-2	-0.214
44.428	-3.061E-2	-0.214
44.461	-3.084E-2	-0.214
44.494	-3.074E-2	-0.214
44.528	-2.858E-2	-0.214
44.561	-2.610E-2	-0.215
44.594	-2.354E-2	-0.215
44.628	-1.768E-2	-0.216
44.661	-1.246E-2	-0.216
44.695	-6.570E-3	-0.216
44.728	3.338E-4	-0.216
44.761	5.797E-3	-0.216
44.795	1.250E-2	-0.216
44.828	1.745E-2	-0.216
44.861	2.159E-2	-0.215
44.895	2.665E-2	-0.215
44.928	2.905E-2	-0.214
44.961	2.937E-2	-0.214
44.995	2.922E-2	-0.214
45.028	2.858E-2	-0.214
45.061	2.586E-2	-0.215
45.095	2.242E-2	-0.215
45.128	1.605E-2	-0.216
45.161	1.081E-2	-0.216
45.195	6.317E-3	-0.216
45.228	-2.053E-3	-0.216
45.262	-8.156E-3	-0.216
45.295	-1.449E-2	-0.216
45.328	-1.913E-2	-0.215
45.362	-2.494E-2	-0.215
45.395	-2.820E-2	-0.214
45.428	-3.069E-2	-0.214
45.462	-3.045E-2	-0.214
45.495	-3.041E-2	-0.214
45.528	-3.099E-2	-0.214
45.562	-2.854E-2	-0.214
45.595	-2.369E-2	-0.215
45.628	-1.980E-2	-0.215
45.662	-1.381E-2	-0.216
45.695	-8.502E-3	-0.216
45.729	-1.913E-3	-0.216
45.762	4.183E-3	-0.216
45.795	1.107E-2	-0.216
45.829	1.644E-2	-0.216
45.862	2.100E-2	-0.215
45.895	2.598E-2	-0.215
45.929	2.853E-2	-0.214
45.962	2.894E-2	-0.214
45.995	2.906E-2	-0.214
46.029	2.847E-2	-0.214
46.062	2.580E-2	-0.215
46.095	2.276E-2	-0.215
46.129	1.856E-2	-0.215
46.162	1.158E-2	-0.216
46.195	7.135E-3	-0.216
46.229	1.386E-3	-0.216
46.262	-5.409E-3	-0.216
46.296	-1.278E-2	-0.216
46.329	-1.796E-2	-0.215
46.362	-2.176E-2	-0.215
46.396	-2.495E-2	-0.215
46.429	-2.761E-2	-0.214
46.462	-3.054E-2	-0.214
46.496	-3.089E-2	-0.214
46.529	-3.069E-2	-0.214
46.562	-2.835E-2	-0.214
46.596	-2.594E-2	-0.215
46.629	-2.048E-2	-0.215
46.662	-1.590E-2	-0.216
46.696	-9.685E-3	-0.216
46.729	-3.655E-3	-0.216
46.762	2.938E-3	-0.216
46.796	1.003E-2	-0.216
46.829	1.565E-2	-0.216
46.863	2.019E-2	-0.215
46.896	2.362E-2	-0.215
46.929	2.657E-2	-0.215
46.963	2.900E-2	-0.214
46.996	2.895E-2	-0.214
47.029	2.869E-2	-0.214
47.063	2.623E-2	-0.215
47.096	2.306E-2	-0.215
47.129	1.919E-2	-0.215
47.163	1.435E-2	-0.216
47.196	8.367E-3	-0.216
47.229	3.202E-3	-0.216
47.263	-3.708E-3	-0.216
47.296	-1.054E-2	-0.216
47.329	-1.569E-2	-0.216
47.363	-2.036E-2	-0.215
47.396	-2.586E-2	-0.215
47.430	-2.854E-2	-0.214
47.463	-3.117E-2	-0.214
47.496	-3.129E-2	-0.214
47.530	-3.122E-2	-0.214
47.563	-2.903E-2	-0.214
47.596	-2.629E-2	-0.215
47.630	-2.075E-2	-0.215
47.663	-1.649E-2	-0.216
47.696	-1.057E-2	-0.216
47.730	-4.421E-3	-0.216
47.763	1.994E-3	-0.216
47.796	7.137E-3	-0.216
47.830	1.327E-2	-0.216
47.863	1.808E-2	-0.216
47.897	2.363E-2	-0.215
47.930	2.662E-2	-0.215
47.963	2.896E-2	-0.214
47.997	2.913E-2	-0.214
48.030	2.882E-2	-0.214
48.063	2.642E-2	-0.215
48.097	2.337E-2	-0.215
48.130	1.976E-2	-0.215
48.163	1.500E-2	-0.216
48.197	9.464E-3	-0.216
48.230	1.730E-3	-0.216
48.263	-4.250E-3	-0.216
48.297	-1.022E-2	-0.216
48.330	-1.592E-2	-0.216
48.363	-2.021E-2	-0.215
48.397	-2.621E-2	-0.215
48.430	-2.890E-2	-0.214
48.464	-3.108E-2	-0.214
48.497	-3.140E-2	-0.214
48.530	-3.138E-2	-0.214
48.564	-2.915E-2	-0.214
48.597	-2.652E-2	-0.215
48.630	-2.168E-2	-0.215
48.664	-1.696E-2	-0.216
48.697	-1.154E-2	-0.216
48.730	-5.656E-3	-0.216
48.764	1.017E-3	-0.216
48.797	6.098E-3	-0.216
48.830	1.235E-2	-0.216
48.864	1.738E-2	-0.216
48.897	2.143E-2	-0.215
48.930	2.652E-2	-0.215
48.964	2.877E-2	-0.214
48.997	2.916E-2	-0.214
49.031	2.872E-2	-0.214
49.064	2.648E-2	-0.215
49.097	2.360E-2	-0.215
49.131	2.003E-2	-0.215
49.164	1.547E-2	-0.216
49.197	1.013E-2	-0.216
49.231	2.601E-3	-0.216
49.264	-2.767E-3	-0.216
49.297	-9.093E-3	-0.216
49.331	-1.550E-2	-0.216
49.364	-2.006E-2	-0.215
49.397	-2.584E-2	-0.215
49.431	-2.853E-2	-0.214
49.464	-3.114E-2	-0.214
49.498	-3.156E-2	-0.214
49.531	-3.147E-2	-0.214
49.564	-2.932E-2	-0.214
49.598	-2.675E-2	-0.215
49.631	-2.369E-2	-0.215
49.664	-1.785E-2	-0.215
49.698	-1.270E-2	-0.216
49.731	-6.889E-3	-0.216
49.764	-1.996E-4	-0.216
49.798	5.356E-3	-0.216
49.831	1.172E-2	-0.216
49.864	1.682E-2	-0.216
49.898	2.083E-2	-0.215
49.931	2.418E-2	-0.215
49.964	2.659E-2	-0.215
49.998	2.881E-2	-0.214
50.031	2.869E-2	-0.214
50.065	2.644E-2	-0.215
50.098	2.546E-2	-0.215
50.131	2.017E-2	-0.215
50.165	1.615E-2	-0.216
50.198	1.086E-2	-0.216
50.231	4.025E-3	-0.216
50.265	-1.564E-3	-0.216
50.298	-8.666E-3	-0.216
50.331	-1.548E-2	-0.216
50.365	-1.986E-2	-0.215
50.398	-2.333E-2	-0.215
50.431	-2.614E-2	-0.215
50.465	-2.863E-2	-0.214
50.498	-3.116E-2	-0.214
50.531	-3.118E-2	-0.214
50.565	-2.929E-2	-0.214
50.598	-2.632E-2	-0.215
50.632	-2.356E-2	-0.215
50.665	-1.979E-2	-0.215
50.698	-1.375E-2	-0.216
50.732	-8.091E-3	-0.216
50.765	-1.537E-3	-0.216
50.798	4.169E-3	-0.216
50.832	1.098E-2	-0.216
50.865	1.616E-2	-0.216
50.898	2.047E-2	-0.215
50.932	2.380E-2	-0.215
50.965	2.638E-2	-0.215
50.998	2.855E-2	-0.214
51.032	2.825E-2	-0.214
51.065	2.800E-2	-0.214
51.099	2.551E-2	-0.215
51.132	2.236E-2	-0.215
51.165	1.852E-2	-0.215
51.199	1.347E-2	-0.216
51.232	7.262E-3	-0.216
51.265	2.188E-3	-0.216
51.299	-4.446E-3	-0.216
51.332	-1.110E-2	-0.216
51.365	-1.606E-2	-0.216
51.399	-2.274E-2	-0.215
51.432	-2.590E-2	-0.215
51.465	-2.851E-2	-0.214
51.499	-3.093E-2	-0.214
51.532	-3.122E-2	-0.214
51.565	-2.932E-2	-0.214
51.599	-2.619E-2	-0.215
51.632	-2.371E-2	-0.215
51.666	-1.993E-2	-0.215
51.699	-1.577E-2	-0.216
51.732	-9.362E-3	-0.216
51.766	-3.141E-3	-0.216
51.799	2.506E-3	-0.216
51.832	9.582E-3	-0.216
51.866	1.509E-2	-0.216
51.899	1.954E-2	-0.215
51.932	2.308E-2	-0.215
51.966	2.589E-2	-0.215
51.999	2.815E-2	-0.214
52.032	2.825E-2	-0.214
52.066	2.800E-2	-0.214
52.099	2.538E-2	-0.215
52.132	2.238E-2	-0.215
52.166	1.862E-2	-0.215
52.199	1.399E-2	-0.216
52.233	7.598E-3	-0.216
52.266	2.974E-3	-0.216
52.299	-3.376E-3	-0.216
52.333	-9.886E-3	-0.216
52.366	-1.493E-2	-0.216
52.399	-1.957E-2	-0.215
52.433	-2.312E-2	-0.215
52.466	-2.603E-2	-0.215
52.499	-2.900E-2	-0.214
52.533	-2.876E-2	-0.214
52.566	-2.884E-2	-0.214
52.599	-2.646E-2	-0.215
52.633	-2.364E-2	-0.215
52.666	-2.007E-2	-0.215
52.700	-1.530E-2	-0.216
52.733	-9.639E-3	-0.216
52.766	-4.737E-3	-0.216
52.800	1.603E-3	-0.216
52.833	8.871E-3	-0.216
52.866	1.254E-2	-0.216
52.900	1.729E-2	-0.216
52.933	2.092E-2	-0.215
52.966	2.574E-2	-0.215
53.000	2.804E-2	-0.214
53.033	2.818E-2	-0.214
53.066	2.803E-2	-0.214
53.100	2.549E-2	-0.215
53.133	2.279E-2	-0.215
53.166	1.922E-2	-0.215
53.200	1.470E-2	-0.216
53.233	9.318E-3	-0.216
53.267	2.186E-3	-0.216
53.300	-3.413E-3	-0.216
53.333	-9.797E-3	-0.216
53.367	-1.562E-2	-0.216
53.400	-2.002E-2	-0.215
53.433	-2.376E-2	-0.215
53.467	-2.643E-2	-0.215
53.500	-2.898E-2	-0.214
53.533	-2.890E-2	-0.214
53.567	-2.910E-2	-0.214
53.600	-2.644E-2	-0.215
53.633	-2.367E-2	-0.215
53.667	-2.083E-2	-0.215
53.700	-1.606E-2	-0.216
53.733	-1.088E-2	-0.216
53.767	-5.227E-3	-0.216
53.800	9.830E-4	-0.216
53.834	6.277E-3	-0.216
53.867	1.222E-2	-0.216
53.900	1.718E-2	-0.216
53.934	2.093E-2	-0.215
53.967	2.399E-2	-0.215
54.000	2.655E-2	-0.215
54.034	2.848E-2	-0.214
54.067	2.821E-2	-0.214
54.100	2.585E-2	-0.215
54.134	2.324E-2	-0.215
54.167	1.970E-2	-0.215
54.200	1.549E-2	-0.216
54.234	1.027E-2	-0.216
54.267	3.345E-3	-0.216
54.301	-2.365E-3	-0.216
54.334	-9.130E-3	-0.216
54.367	-1.534E-2	-0.216
54.401	-2.020E-2	-0.215
54.434	-2.383E-2	-0.215
54.467	-2.677E-2	-0.215
54.501	-2.936E-2	-0.214
54.534	-2.918E-2	-0.214
54.567	-2.909E-2	-0.214
54.601	-2.934E-2	-0.214
54.634	-2.672E-2	-0.215
54.667	-2.378E-2	-0.215
54.701	-1.930E-2	-0.215
54.734	-1.306E-2	-0.216
54.767	-7.891E-3	-0.216
54.801	-1.935E-3	-0.216
54.834	4.069E-3	-0.216
54.868	1.054E-2	-0.216
54.901	1.580E-2	-0.216
54.934	2.011E-2	-0.215
54.968	2.324E-2	-0.215
55.001	2.583E-2	-0.215
55.034	2.806E-2	-0.214
55.068	2.807E-2	-0.214
55.101	2.730E-2	-0.214
55.134	2.484E-2	-0.215
55.168	2.150E-2	-0.215
55.201	1.529E-2	-0.216
55.234	1.066E-2	-0.216
55.268	6.445E-3	-0.216
55.301	-7.320E-4	-0.216
55.334	-6.760E-3	-0.216
55.368	-1.461E-2	-0.216
55.401	-1.951E-2	-0.215
55.435	-2.323E-2	-0.215
55.468	-2.625E-2	-0.215
55.501	-2.904E-2	-0.214
55.535	-3.138E-2	-0.214
55.568	-3.156E-2	-0.214
55.601	-2.962E-2	-0.214
55.635	-2.709E-2	-0.215
55.668	-2.393E-2	-0.215
55.701	-1.996E-2	-0.215
55.735	-1.436E-2	-0.216
55.768	-9.336E-3	-0.216
55.801	-3.030E-3	-0.216
55.835	2.970E-3	-0.216
55.868	9.803E-3	-0.216
55.902	1.498E-2	-0.216
55.935	1.932E-2	-0.215
55.968	2.275E-2	-0.215
56.002	2.560E-2	-0.215
56.035	2.771E-2	-0.214
56.068	2.798E-2	-0.214
56.102	2.744E-2	-0.214
56.135	2.507E-2	-0.215
56.168	2.185E-2	-0.215
56.202	1.799E-2	-0.215
56.235	1.326E-2	-0.216
56.268	7.314E-3	-0.216
56.302	1.860E-3	-0.216
56.335	-4.099E-3	-0.216
56.368	-1.033E-2	-0.216
56.402	-1.534E-2	-0.216
56.435	-1.950E-2	-0.215
56.469	-2.307E-2	-0.215
56.502	-2.584E-2	-0.215
56.535	-2.900E-2	-0.214
56.569	-2.880E-2	-0.214
56.602	-2.889E-2	-0.214
56.635	-2.654E-2	-0.215
56.669	-2.357E-2	-0.215
56.702	-1.985E-2	-0.215
56.735	-1.534E-2	-0.216
56.769	-9.684E-3	-0.216
56.802	-4.327E-3	-0.216
56.835	1.536E-3	-0.216
56.869	8.592E-3	-0.216
56.902	1.413E-2	-0.216
56.935	1.865E-2	-0.215
56.969	2.217E-2	-0.215
57.002	2.500E-2	-0.215
57.036	2.742E-2	-0.214
57.069	2.763E-2	-0.214
57.102	2.717E-2	-0.214
57.136	2.487E-2	-0.215
57.169	2.187E-2	-0.215
57.202	1.823E-2	-0.215
57.236	1.369E-2	-0.216
57.269	7.860E-3	-0.216
57.302	2.638E-3	-0.216
57.336	-2.972E-3	-0.216
57.369	-9.241E-3	-0.216
57.402	-1.448E-2	-0.216
57.436	-1.907E-2	-0.215
57.469	-2.281E-2	-0.215
57.503	-2.568E-2	-0.215
57.536	-2.859E-2	-0.214
57.569	-2.876E-2	-0.214
57.603	-2.877E-2	-0.214
57.636	-2.645E-2	-0.215
57.669	-2.348E-2	-0.215
57.703	-1.992E-2	-0.215
57.736	-1.548E-2	-0.216
57.769	-1.002E-2	-0.216
57.803	-4.851E-3	-0.216
57.836	1.207E-3	-0.216
57.869	6.380E-3	-0.216
57.903	1.214E-2	-0.216
57.936	1.685E-2	-0.216
57.969	2.089E-2	-0.215
58.003	2.366E-2	-0.215
58.036	2.616E-2	-0.215
58.070	2.647E-2	-0.215
58.103	2.611E-2	-0.215
58.136	2.578E-2	-0.215
58.170	2.271E-2	-0.215
58.203	1.935E-2	-0.215
58.236	1.492E-2	-0.216
58.270	9.637E-3	-0.216
58.303	2.560E-3	-0.216
58.336	-2.860E-3	-0.216
58.370	-9.426E-3	-0.216
58.403	-1.570E-2	-0.216
58.436	-1.993E-2	-0.215
58.470	-2.358E-2	-0.215
58.503	-2.665E-2	-0.215
58.536	-2.906E-2	-0.214
58.570	-2.947E-2	-0.214
58.603	-2.923E-2	-0.214
58.637	-2.704E-2	-0.215
58.670	-2.443E-2	-0.215
58.703	-2.095E-2	-0.215
58.737	-1.655E-2	-0.216
58.770	-1.132E-2	-0.216
58.803	-5.972E-3	-0.216
58.837	1.215E-4	-0.216
58.870	5.261E-3	-0.216
58.903	1.166E-2	-0.216
58.937	1.647E-2	-0.216
58.970	2.011E-2	-0.215
59.003	2.344E-2	-0.215
59.037	2.601E-2	-0.215
59.070	2.623E-2	-0.215
59.104	2.607E-2	-0.215
59.137	2.543E-2	-0.215
59.170	2.267E-2	-0.215
59.204	1.943E-2	-0.215
59.237	1.528E-2	-0.216
59.270	1.015E-2	-0.216
59.304	3.542E-3	-0.216
59.337	-2.169E-3	-0.216
59.370	-7.521E-3	-0.216
59.404	-1.290E-2	-0.216
59.437	-1.743E-2	-0.216
59.470	-2.155E-2	-0.215
59.504	-2.453E-2	-0.215
59.537	-2.731E-2	-0.215
59.570	-2.700E-2	-0.215
59.604	-2.693E-2	-0.215
59.637	-2.748E-2	-0.215
59.671	-2.472E-2	-0.215
59.704	-2.157E-2	-0.215
59.737	-1.739E-2	-0.216
59.771	-1.221E-2	-0.216
59.804	-7.010E-3	-0.216
59.837	-9.338E-4	-0.216
59.871	4.128E-3	-0.216
59.904	1.079E-2	-0.216
59.937	1.579E-2	-0.216
59.971	1.985E-2	-0.215
60.004	2.321E-2	-0.215
60.037	2.573E-2	-0.215
60.071	2.613E-2	-0.215
60.104	2.627E-2	-0.215
60.137	2.558E-2	-0.215
60.171	2.302E-2	-0.215
60.204	1.981E-2	-0.215
60.238	1.587E-2	-0.216
60.271	1.084E-2	-0.216
60.304	6.676E-3	-0.216
60.338	-8.029E-4	-0.216
60.371	-6.545E-3	-0.216
60.404	-1.196E-2	-0.216
60.438	-1.685E-2	-0.216
60.471	-2.075E-2	-0.215
60.504	-2.404E-2	-0.215
60.538	-2.667E-2	-0.215
60.571	-2.910E-2	-0.214
60.604	-2.928E-2	-0.214
60.638	-2.711E-2	-0.215
60.671	-2.425E-2	-0.215
60.705	-2.172E-2	-0.215
60.738	-1.749E-2	-0.216
60.771	-1.293E-2	-0.216
60.805	-7.784E-3	-0.216
60.838	-1.762E-3	-0.216
60.871	3.617E-3	-0.216
60.905	1.020E-2	-0.216
60.938	1.292E-2	-0.216
60.971	1.722E-2	-0.216
61.005	2.082E-2	-0.215
61.038	2.348E-2	-0.215
61.071	2.613E-2	-0.215
61.105	2.607E-2	-0.215
61.138	2.597E-2	-0.215
61.171	2.328E-2	-0.215
61.205	2.001E-2	-0.215
61.238	1.617E-2	-0.216
61.272	1.140E-2	-0.216
61.305	5.592E-3	-0.216
61.338	3.028E-4	-0.216
61.372	-5.217E-3	-0.216
61.405	-1.092E-2	-0.216
61.438	-1.627E-2	-0.216
61.472	-2.062E-2	-0.215
61.505	-2.399E-2	-0.215
