	mass A		
t	x	y	
0.000	159.1	-676.9
0.033	88.48	-687.9
0.067		
0.100		
0.133		
0.167		
0.200		
0.233		
0.267		
0.300	-305.7	-618.2
0.334	-305.8	-618.2
0.367	-295.5	-623.1
0.400	-273.6	-633.2
0.434	-242.2	-646.0
0.467	-203.1	-659.5
0.500	-136.5	-676.9
0.534	-75.58	-688.1
0.567	-5.928	-691.9
0.600	46.23	-690.0
0.634	113.9	-682.3
0.667	175.1	-669.0
0.700	229.4	-653.1
0.734	275.9	-636.1
0.767	310.8	-621.3
0.800	329.2	-612.1
0.834	334.6	-609.2
0.867	329.7	-612.3
0.901	309.5	-622.2
0.934	274.6	-637.1
0.967	230.2	-654.1
1.001	177.2	-670.2
1.034	118.1	-683.2
1.067	46.43	-692.1
1.101	-18.38	-694.1
1.134	-96.98	-688.4
1.167	-159.8	-677.2
1.201	-206.0	-665.2
1.234	-251.5	-649.1
1.267	-280.6	-637.2
1.301	-299.7	-628.2
1.334	-309.4	-623.1
1.368	-307.5	-624.2
1.401	-293.4	-631.1
1.434	-268.6	-642.2
1.468	-232.6	-656.1
1.501	-188.2	-670.1
1.534	-136.1	-682.1
1.568	-73.21	-691.1
1.601	0.944	-694.3
1.634	61.81	-691.3
1.668	126.6	-682.1
1.701	185.2	-669.1
1.734	234.5	-654.1
1.768	274.3	-639.1
1.801	303.3	-626.1
1.834	316.5	-620.0
1.868	319.0	-617.9
1.901	307.8	-623.3
1.935	283.7	-633.3
1.968	248.4	-646.2
2.001	202.0	-661.1
2.035	145.1	-675.3
2.068	106.2	-683.2
2.101	28.94	-691.0
2.135	-40.68	-691.3
2.168	-110.9	-684.3
2.201	-170.7	-672.2
2.235	-220.1	-658.3
2.268	-258.5	-644.2
2.301	-287.2	-632.0
2.335	-303.4	-625.0
2.368	-308.8	-623.3
2.401	-301.8	-627.2
2.435	-283.6	-636.2
2.468	-253.9	-649.2
2.502	-215.7	-663.2
2.535	-169.4	-676.1
2.568	-114.6	-687.3
2.602	-51.65	-694.2
2.635	15.20	-695.2
2.668	82.49	-690.2
2.702	144.5	-680.1
2.735	200.7	-666.3
2.768	247.1	-651.1
2.802	283.5	-637.2
2.835	308.5	-626.3
2.868	318.7	-621.4
2.902	314.4	-623.0
2.935	298.0	-630.0
2.969	268.5	-642.1
3.002	228.4	-656.3
3.035	206.7	-661.3
3.069	144.5	-676.3
3.102	73.50	-687.1
3.135	3.918	-691.0
3.169	-62.18	-688.1
3.202	-125.9	-679.3
3.235	-180.7	-666.4
3.269	-223.6	-652.0
3.302	-256.3	-639.0
3.335	-279.7	-629.2
3.369	-291.8	-623.5
3.402	-291.7	-623.5
3.435	-280.5	-629.1
3.469	-258.3	-639.2
3.502	-223.4	-653.1
3.536	-179.8	-667.3
3.569	-123.8	-680.1
3.602	-64.45	-688.3
3.636	6.897E-2	-691.4
3.669	68.80	-687.8
3.702	110.4	-682.0
3.736	170.6	-670.1
3.769	230.4	-653.1
3.802	307.4	-624.9
3.836	341.0	-608.9
3.869	362.1	-598.2
3.902	368.9	-594.6
3.936	360.1	-598.9
3.969	338.8	-610.6
4.002	303.6	-627.3
4.036	255.7	-646.5
4.069		
4.103		
4.136		
4.169		
4.203		
4.236		
4.269		
4.303		
4.336		
4.369		
4.403		
4.436		
4.469		
4.503		
4.536		
4.570		
4.603		
4.636		
4.670		
4.703		
4.736	131.5	-678.3
4.770	191.7	-664.2
4.803	242.9	-648.1
4.836	282.5	-633.2
4.870	311.8	-620.4
4.903	323.6	-614.1
4.936	325.6	-613.4
4.970	312.6	-619.2
5.003	285.4	-631.1
5.036	246.8	-646.3
5.070	197.3	-662.1
5.103	140.1	-676.2
5.137	91.74	-684.2
5.170	21.46	-690.0
5.203	-44.63	-688.9
5.237	-109.6	-682.3
5.270	-168.5	-670.5
5.303	-216.4	-656.3
5.337	-254.7	-642.2
5.370	-281.0	-631.2
5.403	-296.1	-624.3
5.437	-298.4	-623.0
5.470	-291.5	-627.1
5.503	-270.4	-637.0
5.537	-238.9	-650.2
5.570	-198.9	-664.3
5.603	-145.0	-678.1
5.637	-86.92	-688.1
5.670	-18.73	-693.2
5.704	45.70	-692.0
5.737	111.4	-685.1
5.770	174.2	-673.0
5.804	234.2	-656.1
5.837	283.8	-638.2
5.870	320.6	-622.2
5.904	343.5	-611.1
5.937	353.3	-606.0
5.970	348.7	-609.3
6.004	332.6	-617.3
6.037	302.3	-631.1
6.070	259.7	-648.3
6.104	201.6	-667.2
6.137	137.8	-682.2
6.171	68.60	-692.1
6.204	3.802	-695.3
6.237	-62.55	-692.4
6.271	-121.8	-684.1
6.304	-175.9	-672.3
6.337	-218.2	-659.2
6.371	-250.6	-647.2
6.404	-272.0	-638.3
6.437	-281.1	-634.0
6.471	-279.7	-635.0
6.504	-268.6	-640.3
6.537	-244.4	-650.1
6.571	-211.7	-662.2
6.604	-165.8	-675.1
6.637	-110.4	-686.1
6.671	-53.93	-692.4
6.704	11.40	-693.9
6.738	58.55	-690.9
6.771	119.3	-682.9
6.804	175.1	-670.9
6.838	224.8	-656.3
6.871	262.7	-642.1
6.904	290.0	-630.0
6.938	307.2	-622.0
6.971	311.1	-619.9
7.004	302.8	-624.1
7.038	282.2	-633.2
7.071	250.6	-646.3
7.104	207.0	-661.2
7.138	151.8	-675.9
7.171	88.93	-686.9
7.204	23.19	-692.8
7.238	-41.93	-692.8
7.271	-102.3	-687.2
7.305	-158.5	-677.1
7.338	-207.8	-664.3
7.371	-248.5	-650.2
7.405	-278.6	-638.3
7.438	-296.4	-630.2
7.471	-303.0	-627.4
7.505	-297.3	-630.1
7.538	-280.0	-638.3
7.571	-250.6	-650.1
7.605	-210.1	-664.0
7.638	-162.0	-677.2
7.671	-107.3	-687.1
7.705	-47.24	-693.2
7.738	16.31	-694.0
7.771	80.11	-689.0
7.805	141.7	-679.2
7.838	194.9	-666.1
7.872	237.9	-652.0
7.905	271.0	-639.0
7.938	294.1	-628.9
7.972	305.4	-623.9
8.005	305.2	-624.2
8.038	290.6	-631.1
8.072	265.3	-642.0
8.105	228.0	-656.0
8.138	180.3	-670.9
8.172	122.9	-684.1
8.205	58.96	-693.0
8.238	-7.322	-696.4
8.272	-73.32	-693.2
8.305	-136.6	-684.3
8.339	-190.8	-672.2
8.372	-239.0	-657.4
8.405	-276.0	-643.4
8.439	-300.8	-632.4
8.472	-315.5	-625.2
8.505	-317.9	-624.4
8.539	-308.1	-629.5
8.572	-286.4	-639.1
8.605	-252.3	-653.1
8.639	-208.5	-668.0
8.672	-156.8	-681.2
8.705	-98.12	-691.2
8.739	-34.12	-696.2
8.772	30.15	-695.7
8.805	93.56	-689.9
8.839	153.3	-679.4
8.872	203.9	-666.4
8.906	244.1	-652.8
8.939	275.2	-641.1
8.972	294.3	-632.9
9.006	300.4	-630.0
9.039	294.2	-633.0
9.072	275.3	-641.2
9.106	244.3	-653.1
9.139	201.8	-667.1
9.172	149.2	-680.2
9.206	89.65	-690.3
9.239	24.96	-695.7
9.272	-41.36	-695.6
9.306	-104.8	-689.1
9.339	-162.8	-678.3
9.372	-214.3	-664.3
9.406	-255.0	-650.3
9.439	-291.2	-635.1
9.473	-311.1	-626.3
9.506	-320.5	-621.2
9.539	-317.3	-623.0
9.573	-303.0	-630.3
9.606	-277.9	-641.4
9.639	-238.8	-656.2
9.673	-191.0	-671.1
9.706	-137.3	-683.1
9.739	-75.44	-691.9
9.773	-10.75	-695.4
9.806	52.15	-693.1
9.839	115.5	-685.3
9.873	170.8	-674.1
9.906	217.2	-661.0
9.940	253.8	-648.4
9.973	279.3	-638.1
10.006	293.4	-632.0
10.040	294.9	-631.1
10.073	283.7	-636.2
10.106	260.4	-645.3
10.140	226.3	-657.3
10.173	180.0	-671.1
10.206	125.4	-683.1
10.240	65.76	-691.4
10.273	1.639	-694.5
10.306	-62.53	-691.9
10.340	-123.2	-684.3
10.373	-180.3	-672.1
10.406	-228.4	-658.0
10.440	-269.6	-643.2
10.473	-298.0	-631.3
10.507	-314.8	-623.3
10.540	-318.9	-621.4
10.573	-311.4	-625.1
10.607	-292.5	-634.2
10.640	-264.3	-646.3
10.673	-222.2	-661.4
10.707	-173.2	-675.1
10.740	-118.0	-686.4
10.773	-54.26	-693.1
10.807	8.820	-694.4
10.840	72.27	-690.2
10.873	130.6	-682.1
10.907	183.4	-670.0
10.940	226.4	-657.2
10.973	259.8	-645.0
11.007	280.9	-636.6
11.040	289.4	-632.3
11.074	286.4	-633.4
11.107	270.6	-640.1
11.140	242.7	-651.0
11.174	203.5	-664.0
11.207	154.5	-677.0
11.240	96.22	-687.8
11.274	35.62	-694.1
11.307	-29.28	-694.9
11.340	-92.20	-690.4
11.374	-152.4	-680.3
11.407	-204.6	-667.2
11.440	-250.0	-652.3
11.474	-285.8	-638.2
11.507	-308.5	-628.1
11.541	-319.3	-623.0
11.574	-319.4	-623.3
11.607	-307.7	-629.3
11.641	-283.8	-640.2
11.674	-248.2	-654.0
11.707	-204.6	-668.3
11.741	-152.1	-681.0
11.774	-93.86	-690.8
11.807	-30.79	-695.4
11.841	33.90	-694.6
11.874	95.45	-687.9
11.907	153.4	-677.2
11.941	202.3	-664.4
11.974	240.9	-651.0
12.007	269.1	-640.2
12.041	284.9	-633.1
12.074	289.4	-631.1
12.108	280.9	-635.0
12.141	261.4	-643.1
12.174	229.5	-655.1
12.208	187.1	-668.3
12.241	135.3	-680.8
12.274	76.81	-690.4
12.308	13.65	-694.9
12.341	-51.55	-694.0
12.374	-114.2	-687.4
12.408	-170.7	-676.3
12.441	-221.6	-662.3
12.474	-262.2	-648.0
12.508	-292.6	-636.1
12.541	-310.7	-628.1
12.574	-316.9	-625.3
12.608	-310.8	-628.2
12.641	-293.5	-636.1
12.675	-264.8	-648.3
12.708	-224.4	-662.1
12.741	-177.5	-675.2
12.775	-123.2	-686.2
12.808	-63.50	-693.2
12.841	-1.476	-695.0
12.875	62.37	-691.5
12.908	121.3	-683.0
12.941	174.7	-671.4
12.975	219.1	-658.0
13.008	254.6	-645.4
13.041	276.6	-636.1
13.075	287.0	-631.1
13.108	286.9	-631.6
13.142	273.8	-637.0
13.175	249.0	-646.7
13.208	213.5	-660.0
13.242	167.6	-673.1
13.275	112.4	-684.9
13.308	52.69	-692.5
13.342	-11.68	-695.0
13.375	-75.88	-692.0
13.408	-134.6	-684.0
13.442	-188.8	-672.2
13.475	-234.9	-658.3
13.508	-267.9	-646.3
13.542	-290.1	-636.9
13.575	-303.7	-631.2
13.608	-305.8	-630.3
13.642	-294.5	-635.1
13.675	-272.9	-644.3
13.709	-240.9	-656.3
13.742	-199.1	-669.1
13.775	-149.3	-681.1
13.809	-92.48	-690.2
13.842	-31.79	-694.8
13.875	30.65	-694.1
13.909	91.46	-688.5
13.942	147.2	-678.3
13.975	195.3	-666.2
14.009	235.1	-653.2
14.042	264.5	-642.2
14.075	282.7	-634.3
14.109	287.9	-631.8
14.142	283.2	-634.2
14.175	266.3	-641.2
14.209	235.0	-652.9
14.242	194.5	-666.1
14.276	145.3	-678.2
14.309	88.23	-688.2
14.342		
14.376		
14.409		
14.442		
14.476		
14.509		
14.542		
14.576		
14.609		
14.642		
14.676		
14.709		
14.743		
14.776		
14.809		
14.843	-63.42	-692.3
14.876	9.275E-2	-694.4
14.909	58.11	-691.9
14.943	114.7	-685.0
14.976	167.8	-674.3
15.009	211.1	-662.1
15.043	246.6	-650.3
15.076	269.8	-641.2
15.109	281.1	-635.9
15.143	281.4	-636.0
15.176	269.3	-641.0
15.209	245.9	-649.9
15.243	211.6	-662.1
15.276	167.5	-674.2
15.310	113.1	-685.1
15.343	55.59	-692.3
15.376	-10.90	-695.0
15.410	-71.61	-691.8
15.443	-131.3	-684.0
15.476	-182.9	-673.1
15.510	-222.3	-661.0
15.543	-260.0	-648.3
15.576	-285.8	-638.2
15.610	-298.9	-632.3
15.643	-300.9	-631.3
15.676	-292.1	-635.2
15.710	-270.9	-644.2
15.743	-238.0	-656.3
15.776	-195.3	-669.1
15.810	-144.3	-681.1
15.843	-96.23	-689.3
15.877	-33.07	-694.3
15.910	27.10	-694.2
15.943	85.41	-689.2
15.977	141.2	-680.2
16.010	187.9	-669.2
16.043	226.5	-657.2
16.077	254.8	-647.2
16.110	274.8	-639.3
16.143	281.5	-636.1
16.177	276.6	-638.2
16.210	259.5	-645.1
16.243	231.9	-655.3
16.277	193.3	-667.2
16.310	145.2	-679.1
16.343	87.60	-689.0
16.377	27.80	-694.3
16.410	-36.39	-694.4
16.444	-97.15	-689.1
16.477	-155.8	-679.3
16.510	-205.7	-667.1
16.544	-249.0	-653.3
16.577	-282.9	-640.2
16.610	-304.1	-631.3
16.644	-312.9	-627.2
16.677	-310.4	-628.1
16.710	-295.6	-635.1
16.744	-269.2	-646.0
16.777	-230.6	-660.1
16.810	-185.3	-673.1
16.844	-133.6	-684.2
16.877	-74.47	-692.2
16.911	-13.11	-695.2
16.944	48.03	-693.2
16.977	106.3	-686.3
17.011	158.4	-676.1
17.044	202.9	-664.3
17.077	237.9	-652.4
17.111	261.6	-643.1
17.144	275.0	-637.2
17.177	277.7	-636.3
17.211	267.9	-640.4
17.244	245.2	-648.9
17.277	213.5	-660.3
17.311	171.9	-672.5
17.344	119.6	-683.5
17.377	61.67	-691.3
17.411	-0.251	-694.6
17.444	-63.82	-692.3
17.478	-123.4	-685.1
17.511	-178.2	-674.1
17.544	-225.7	-661.3
17.578	-265.8	-647.1
17.611	-293.2	-635.9
17.644	-308.9	-629.2
17.678	-312.9	-627.4
17.711	-304.7	-631.1
17.744	-285.8	-639.4
17.778	-252.8	-652.2
17.811	-210.7	-666.1
17.844	-162.8	-678.2
17.878	-106.4	-687.9
17.911	-46.37	-694.0
17.944	15.33	-694.6
17.978	74.62	-690.1
18.011	130.2	-681.4
18.045	179.1	-670.0
18.078	219.0	-657.9
18.111	249.5	-647.3
18.145	269.1	-639.2
18.178	278.2	-635.3
18.211	273.9	-637.1
18.245	259.3	-643.2
18.278	233.1	-653.1
18.311	196.9	-665.1
18.345	150.9	-677.2
18.378	96.98	-687.0
18.411	38.44	-693.3
18.445	-24.10	-694.6
18.478	-86.59	-690.3
18.512	-145.6	-681.3
18.545	-197.7	-669.3
18.578	-240.9	-656.2
18.612	-277.9	-642.4
18.645	-299.5	-633.1
18.678	-310.2	-628.1
18.712	-308.9	-629.1
18.745	-296.0	-635.2
18.778	-271.4	-645.1
18.812	-233.3	-659.0
18.845	-189.8	-672.1
18.878	-138.5	-683.1
18.912	-81.64	-691.3
18.945	-21.36	-694.7
18.978	40.15	-693.5
19.012	97.62	-687.2
19.045	150.8	-677.4
19.079	194.5	-665.9
19.112	230.4	-654.2
19.145	255.2	-644.8
19.179	269.5	-639.2
19.212	272.1	-637.9
19.245	264.8	-641.5
19.279	244.6	-649.2
19.312	214.2	-660.1
19.345	173.5	-672.1
19.379	123.7	-683.2
19.412	67.74	-691.3
19.445	6.735	-695.1
19.479	-54.09	-693.7
19.512	-116.3	-687.4
19.545	-169.9	-677.3
19.579	-218.8	-664.1
19.612	-257.6	-651.2
19.646	-288.2	-639.0
19.679	-304.9	-632.1
19.712	-310.5	-629.2
19.746	-304.3	-632.1
19.779	-286.6	-640.1
19.812	-255.5	-652.1
19.846	-216.8	-665.2
19.879	-170.3	-677.3
19.912	-117.0	-687.4
19.946	-58.08	-693.8
19.979	2.265	-695.5
20.012	62.85	-692.1
20.046	117.5	-684.5
20.079	166.7	-674.1
20.113	208.2	-662.3
20.146	238.7	-651.9
20.179	259.0	-644.0
20.213	268.7	-640.3
20.246	266.3	-641.0
20.279	253.6	-646.3
20.313	229.5	-655.2
20.346	194.7	-666.4
20.379	149.4	-677.9
20.413	97.74	-687.5
20.446	40.01	-693.2
20.479	-21.21	-694.6
20.513	-81.18	-690.8
20.546	-141.2	-682.3
20.579	-191.0	-671.1
20.613	-234.7	-658.2
20.646	-268.6	-646.1
20.680	-285.9	-639.2
20.713	-297.6	-634.2
20.746	-297.4	-634.1
20.780	-286.0	-639.3
20.813	-262.8	-648.2
20.846	-231.6	-659.1
20.880	-191.3	-671.1
20.913	-142.3	-682.1
20.946	-88.99	-690.4
20.980	-29.96	-694.6
21.013	28.52	-693.8
21.046	85.78	-688.8
21.080	139.1	-680.1
21.113	184.5	-669.2
21.146	220.9	-658.1
21.180	247.6	-648.4
21.213	262.9	-642.3
21.247	267.2	-640.2
21.280	260.3	-643.1
21.313	242.3	-650.1
21.347	213.8	-660.3
21.380	174.0	-671.8
21.413	127.3	-682.4
21.447	72.83	-690.5
21.480	14.16	-694.4
21.513	-48.62	-693.4
21.547	-109.0	-687.3
21.580	-164.7	-677.2
21.613	-211.9	-665.3
21.647	-251.6	-652.1
21.680	-283.3	-640.0
21.714	-301.6	-632.3
21.747	-306.7	-630.1
21.780	-301.6	-632.3
21.814	-285.4	-639.2
21.847	-255.1	-650.9
21.880	-217.1	-663.8
21.914	-171.7	-676.2
21.947	-119.6	-686.2
21.980	-61.54	-692.8
22.014	-2.528	-694.9
22.047	55.77	-692.4
22.080	110.7	-685.2
22.114	160.2	-675.1
22.147	201.2	-663.8
22.180	233.3	-653.3
22.214	254.8	-645.2
22.247	264.6	-641.0
22.281	264.3	-641.2
22.314	252.6	-646.0
22.347	230.6	-654.5
22.381	197.2	-665.2
22.414	153.6	-676.8
22.447	102.1	-686.7
22.481	45.43	-693.5
22.514	-15.28	-695.2
22.547	-75.74	-692.0
22.581	-134.5	-684.2
22.614	-186.4	-673.1
22.647	-228.9	-661.2
22.681	-265.5	-648.0
22.714	-290.5	-638.0
22.747	-302.4	-633.0
22.781	-302.7	-633.1
22.814	-291.3	-637.9
22.848	-269.3	-647.1
22.881	-235.6	-659.4
22.914	-192.4	-672.0
22.948	-143.5	-683.1
22.981	-89.94	-691.4
23.014	-31.45	-695.4
23.048	26.42	-694.8
23.081	83.44	-690.0
23.114	133.8	-681.9
23.148	180.1	-671.0
23.181	216.7	-660.1
23.214	244.1	-650.2
23.248	260.0	-643.7
23.281	265.5	-642.0
23.314	260.0	-644.2
23.348	243.2	-650.8
23.381	215.9	-661.0
23.415	178.0	-672.3
23.448	130.5	-683.2
23.481	76.78	-691.5
23.515	16.93	-695.9
23.548	-45.24	-695.3
23.581	-103.0	-690.1
23.615	-156.7	-681.0
23.648	-205.5	-669.1
23.681	-243.8	-657.3
23.715	-273.7	-646.2
23.748	-288.8	-640.3
23.781	-295.6	-637.2
23.815	-290.8	-639.3
23.848	-275.8	-645.3
23.882	-248.6	-655.2
23.915	-211.4	-667.1
23.948	-165.5	-679.0
23.982	-116.0	-688.3
24.015	-60.36	-694.4
24.048	-1.949	-696.2
24.082	55.67	-693.4
24.115	110.6	-686.4
24.148	160.3	-676.4
24.182	201.2	-665.3
24.215	231.9	-654.9
24.248	253.6	-647.0
24.282	266.0	-642.2
24.315	266.2	-642.1
24.348	256.4	-646.3
24.382	235.2	-654.2
24.415	202.0	-665.1
24.449	161.4	-676.2
24.482	110.4	-686.2
24.515	52.56	-693.1
24.549	-7.320	-695.5
24.582	-64.83	-692.9
24.615	-121.6	-686.2
24.649	-162.1	-678.1
24.682	-205.2	-667.0
24.715	-239.3	-656.1
24.749	-263.9	-647.2
24.782	-276.4	-642.1
24.815	-279.2	-641.1
24.849	-269.0	-645.3
24.882	-247.7	-653.2
24.915	-214.6	-664.1
24.949	-175.2	-675.1
24.982	-126.6	-685.2
25.016	-77.81	-692.2
25.049	-27.25	-695.4
25.082	29.14	-694.9
25.116	85.51	-690.2
25.149	136.0	-682.0
25.182	179.6	-672.1
25.216	216.3	-661.1
25.249	242.6	-652.1
25.282	260.5	-645.3
25.316	265.8	-643.2
25.349	260.5	-645.1
25.382	244.9	-651.4
25.416	218.5	-660.3
25.449	181.7	-671.3
25.483	133.8	-682.2
25.516	81.22	-690.3
25.549	22.10	-695.0
25.583	-38.15	-694.8
25.616	-96.53	-690.0
25.649	-151.7	-681.2
25.683	-189.8	-672.2
25.716	-226.4	-661.1
25.749	-258.4	-650.1
25.783	-276.5	-643.2
25.816	-283.6	-640.2
25.849	-278.6	-642.1
25.883	-263.3	-648.1
25.916	-238.7	-657.2
25.949	-207.6	-667.2
25.983	-165.1	-678.1
26.016	-117.5	-687.2
26.050	-59.17	-693.9
26.083	-2.683	-696.1
26.116	56.31	-693.4
26.150	107.9	-687.0
26.183	155.2	-678.0
26.216	197.0	-667.1
26.250	228.5	-657.1
26.283	250.9	-649.2
26.316	261.2	-644.9
26.350	261.7	-645.0
26.383	251.2	-649.0
26.416	229.6	-657.1
26.450	198.2	-667.3
26.483	156.2	-678.2
26.516	108.1	-687.4
26.550	51.67	-694.1
26.583	-6.625	-696.4
26.617	-65.42	-693.8
26.650	-123.0	-687.2
26.683	-173.5	-677.1
26.717	-218.3	-665.1
26.750	-253.8	-653.3
26.783	-277.6	-644.2
26.817	-289.9	-639.3
26.850	-291.8	-638.3
26.883	-282.2	-642.0
26.917	-264.0	-649.3
26.950	-232.7	-660.2
26.983	-192.8	-672.1
27.017	-144.5	-683.0
27.050	-92.49	-691.2
27.084	-34.64	-695.7
27.117	22.35	-696.1
27.150	79.37	-691.5
27.184	130.8	-683.3
27.217	175.3	-673.1
27.250	213.2	-662.3
27.284	239.5	-653.1
27.317	255.7	-647.0
27.350	262.7	-644.3
27.384	257.7	-646.3
27.417	241.8	-652.2
27.450	215.5	-661.2
27.484	178.3	-672.1
27.517	133.5	-682.4
27.550	82.02	-690.4
27.584	25.62	-695.1
27.617	-34.02	-695.2
27.651	-90.28	-691.0
27.684	-146.8	-682.3
27.717	-194.8	-671.3
27.751	-234.8	-659.3
27.784	-267.5	-647.1
27.817	-287.4	-639.2
27.851	-294.7	-636.0
27.884	-291.7	-637.3
27.917	-277.4	-643.1
27.951	-251.2	-653.2
27.984	-215.6	-665.1
28.017	-173.6	-676.3
28.051	-123.5	-686.2
28.084	-68.23	-693.0
28.117	-11.39	-695.7
28.151	45.65	-693.9
28.184	99.25	-688.0
28.218	148.5	-679.1
28.251	189.2	-668.9
28.284	222.8	-658.6
28.318	244.8	-650.3
28.351	257.1	-645.3
28.384	257.8	-645.1
28.418	247.6	-649.1
28.451	226.6	-656.9
28.484	195.2	-667.1
28.518	155.4	-677.4
28.551	106.2	-686.8
28.584	52.51	-693.6
28.618	-6.216	-695.7
28.651	-64.55	-693.7
28.685	-121.3	-687.4
28.718	-172.4	-677.3
28.751	-217.2	-665.3
28.785	-252.7	-653.3
28.818	-278.2	-642.9
28.851	-292.1	-637.6
28.885	-294.0	-636.3
28.918	-285.1	-639.9
28.951	-265.6	-648.0
28.985	-235.0	-659.4
29.018	-196.0	-671.2
29.051	-151.2	-681.4
29.085	-98.64	-690.0
29.118	-43.02	-695.0
29.151	14.70	-695.5
29.185	70.02	-691.4
29.218	121.3	-683.8
29.252	167.4	-674.2
29.285	204.0	-663.8
29.318	232.0	-654.8
29.352	250.6	-648.5
29.385	256.5	-645.9
29.418	253.1	-647.3
29.452	237.7	-653.2
29.485	211.4	-662.0
29.518	176.4	-672.4
29.552	131.9	-682.3
29.585	81.15	-690.2
29.618	24.97	-695.0
29.652	-32.90	-695.2
29.685	-89.47	-690.9
29.718	-142.9	-683.1
29.752	-188.0	-673.2
29.785	-225.5	-662.2
29.819	-251.5	-653.1
29.852	-269.9	-646.3
29.885	-277.0	-643.2
29.919	-274.1	-644.3
29.952	-260.8	-649.2
29.985	-235.7	-658.1
30.019	-203.9	-668.2
30.052	-164.9	-678.2
30.085	-117.8	-687.2
30.119	-66.13	-693.2
30.152	-8.915	-695.9
30.185	46.35	-694.1
30.219	100.2	-688.1
30.252	146.5	-679.9
30.286	187.5	-670.0
30.319	220.1	-660.0
30.352	243.3	-652.1
30.386	256.5	-647.4
30.419	257.1	-646.9
30.452	247.1	-650.8
30.486	227.3	-658.1
30.519	196.1	-668.0
30.552	157.1	-678.2
30.586	110.4	-687.4
30.619	56.39	-694.0
30.652	-1.558	-696.6
30.686	-60.75	-694.3
30.719	-115.6	-688.1
30.752	-167.6	-678.2
30.786	-210.3	-667.1
30.819	-244.6	-656.2
30.853	-263.6	-649.2
30.886	-276.4	-644.2
30.919	-278.7	-643.3
30.953	-270.9	-646.3
30.986	-251.9	-653.3
31.019	-225.6	-662.2
31.053	-188.0	-673.2
31.086	-143.7	-683.1
31.119	-92.71	-691.1
31.153	-39.88	-695.5
31.186	15.68	-695.9
31.219	70.47	-692.2
31.253	121.0	-685.0
31.286	167.4	-675.4
31.319	203.9	-665.3
31.353	231.2	-656.1
31.386	250.3	-649.4
31.420	257.9	-646.4
31.453	253.1	-647.9
31.486	239.5	-653.3
31.520	213.3	-662.0
31.553	178.8	-672.2
31.586	134.7	-682.3
31.620	84.27	-690.2
31.653	28.96	-695.0
31.686	-30.24	-695.5
31.720	-87.92	-691.3
31.753	-140.8	-683.2
31.786	-186.4	-673.1
31.820	-221.5	-663.2
31.853	-250.9	-653.3
31.886	-269.3	-646.1
31.920	-276.8	-643.2
31.953	-274.0	-644.3
31.987	-260.7	-649.2
32.020	-238.4	-657.1
32.053	-207.0	-667.3
32.087	-164.2	-678.0
32.120	-117.1	-687.0
32.153	-66.01	-693.3
32.187	-11.63	-695.5
32.220	42.15	-693.7
32.253	96.05	-688.2
32.287	145.8	-679.4
32.320	186.8	-669.4
32.353	219.5	-659.3
32.387	242.3	-651.3
32.420	253.6	-646.9
32.454	255.8	-646.2
32.487	245.6	-649.9
32.520	225.9	-657.1
32.554	197.0	-666.3
32.587	156.1	-676.8
32.620	109.2	-686.1
32.654	54.83	-692.9
32.687	-1.972	-695.7
32.720	-59.24	-694.1
32.754	-114.7	-688.0
32.787	-166.6	-678.3
32.820	-206.4	-668.1
32.854	-240.8	-657.2
32.887	-262.9	-649.3
32.920	-275.2	-644.1
32.954	-277.8	-643.3
32.987	-269.8	-646.3
33.021	-251.2	-653.0
33.054	-222.0	-663.2
33.087	-184.1	-674.2
33.121	-141.4	-683.2
33.154	-90.45	-691.1
33.187	-38.53	-695.4
33.221	16.34	-695.5
33.254	68.47	-691.9
33.287	118.2	-685.0
33.321	162.7	-676.0
33.354	199.7	-666.1
33.387	227.5	-657.3
33.421	244.5	-651.0
33.454	252.1	-648.2
33.487	249.1	-649.3
33.521	235.8	-654.5
33.554	209.4	-663.0
33.588	174.8	-673.0
33.621	130.4	-682.9
33.654	79.38	-691.0
33.688	24.37	-695.6
33.721	-34.21	-695.4
33.754	-90.01	-691.1
33.788	-142.3	-683.1
33.821	-187.6	-673.0
33.854	-225.4	-662.0
33.888	-254.2	-652.0
33.921	-274.5	-644.1
33.954	-281.8	-641.2
33.988	-279.0	-642.4
34.021	-265.6	-647.3
34.055	-239.5	-657.1
34.088	-207.6	-667.3
34.121	-165.7	-678.1
34.155	-118.5	-687.1
34.188	-67.81	-693.4
34.221	-13.09	-695.8
34.255	41.54	-694.3
34.288	92.33	-688.9
34.321	139.6	-681.1
34.355	181.1	-671.3
34.388	212.6	-662.1
34.421	235.9	-654.5
34.455	247.1	-649.8
34.488	249.7	-649.3
34.521	241.0	-652.3
34.555	221.6	-659.2
34.588	191.6	-668.3
34.622	151.5	-678.4
34.655	104.1	-687.1
34.688	51.29	-693.2
34.722	-4.907	-695.5
34.755	-62.62	-693.3
34.788	-116.0	-687.2
34.822	-164.0	-678.2
34.855	-206.8	-667.2
34.888	-240.0	-656.3
34.922	-264.4	-647.0
34.955	-277.1	-641.9
34.988	-279.7	-641.1
35.022	-271.7	-644.2
35.055	-251.5	-652.0
35.088	-222.6	-662.1
35.122	-185.2	-672.9
35.155	-140.5	-683.0
35.189	-89.89	-691.0
35.222	-36.60	-695.4
35.255	17.48	-695.6
35.289	68.34	-691.9
35.322	118.3	-685.1
35.355	162.3	-676.1
35.389	199.4	-666.4
35.422	225.4	-657.9
35.455	242.9	-652.1
35.489	250.0	-649.2
35.522	245.6	-651.0
35.555	231.3	-656.1
35.589	206.8	-664.3
35.622	171.3	-674.0
35.656	126.4	-684.0
35.689	76.98	-691.3
35.722	22.30	-695.6
35.756	-34.39	-695.3
35.789	-90.02	-691.1
35.822	-140.7	-683.2
35.856	-186.1	-673.1
35.889	-221.8	-663.1
35.922	-250.3	-653.0
35.956	-268.8	-646.2
35.989	-276.1	-643.3
36.022	-273.0	-644.3
36.056	-259.8	-649.2
36.089	-235.0	-658.3
36.122	-202.8	-668.2
36.156	-162.8	-678.3
36.189	-115.3	-687.1
36.223	-63.67	-693.2
36.256	-9.834	-695.4
36.289	44.79	-693.4
36.323	94.64	-688.0
36.356	141.3	-680.0
36.389	182.3	-670.3
36.423	213.4	-661.2
36.456	234.7	-654.1
36.489	247.8	-649.5
36.523	248.1	-648.9
36.556	239.7	-652.3
36.589	219.5	-659.2
36.623	189.7	-668.3
36.656	149.5	-678.1
36.689	101.0	-686.8
36.723	48.83	-693.1
36.756	-6.814	-695.3
36.790	-62.25	-693.1
36.823	-115.4	-687.1
36.856	-163.6	-678.2
36.890	-203.7	-668.0
36.923	-237.5	-657.2
36.956	-261.7	-648.2
36.990	-274.0	-643.3
37.023	-275.9	-642.3
37.056	-268.0	-645.4
37.090	-249.6	-652.2
37.123	-220.6	-662.2
37.156	-183.5	-673.0
37.190	-141.3	-682.2
37.223	-91.39	-690.1
37.257	-39.06	-694.4
37.290	15.19	-694.5
37.323	67.25	-690.8
37.357	116.7	-684.2
37.390	160.6	-675.2
37.423	195.8	-666.1
37.457	223.1	-657.3
37.490	240.6	-651.5
37.523	246.2	-649.1
37.557	241.6	-651.0
37.590	227.1	-656.0
37.623	202.1	-664.1
37.657	166.5	-674.0
37.690	122.8	-683.3
37.723	73.75	-690.4
37.757	19.72	-694.3
37.790	-35.82	-694.3
37.824	-90.17	-690.0
37.857	-141.3	-682.3
37.890	-186.1	-672.2
37.924	-222.0	-662.1
37.957	-250.0	-652.2
37.990	-267.8	-645.2
38.024	-274.8	-642.3
38.057	-271.8	-643.3
38.090	-257.3	-649.0
38.124	-234.9	-657.4
38.157	-203.1	-667.4
38.190	-163.0	-677.3
38.224	-116.0	-686.1
38.257	-64.33	-692.1
38.290	-11.46	-694.4
38.324	41.34	-692.7
38.357	93.21	-687.4
38.391	140.2	-679.3
38.424	179.4	-670.0
38.457	210.4	-661.2
38.491	231.9	-653.9
38.524	243.7	-650.3
38.557	243.8	-650.1
38.591	234.9	-653.3
38.624	214.5	-660.1
38.657	183.9	-669.3
38.691	145.4	-678.4
38.724	99.43	-686.4
38.757	47.43	-692.1
38.791	-8.165	-694.3
38.824	-63.31	-692.2
38.857	-116.3	-686.1
38.891	-163.7	-677.3
38.924	-203.4	-667.1
38.958	-235.3	-656.9
38.991	-257.6	-649.0
39.024	-271.5	-643.2
39.058	-273.5	-642.3
39.091	-265.8	-645.5
39.124	-245.9	-653.1
39.158	-218.6	-662.3
39.191	-183.3	-672.2
39.224	-139.4	-681.9
39.258	-92.18	-689.3
39.291	-40.64	-693.5
39.324	12.94	-693.8
39.358	66.53	-690.5
39.391	114.4	-683.8
39.425	158.1	-675.2
39.458	193.3	-666.1
39.491	219.7	-658.0
39.525	235.2	-652.8
39.558	241.4	-650.8
39.591	236.6	-652.9
39.625	221.8	-658.1
39.658	195.8	-666.2
39.691	161.0	-675.2
39.725	118.2	-684.1
39.758	68.85	-691.1
39.791	15.12	-694.8
39.825	-39.51	-694.6
39.858	-92.14	-690.0
39.891	-142.0	-682.5
39.925	-184.0	-673.1
39.958	-220.8	-662.4
39.992	-247.4	-652.9
40.025	-265.3	-646.0
40.058	-272.3	-643.2
40.092	-269.5	-644.3
40.125	-254.8	-650.4
40.158	-232.0	-658.5
40.192	-200.3	-668.0
40.225	-161.5	-678.0
40.258	-115.3	-686.8
40.292	-65.28	-693.0
40.325	-13.13	-695.3
40.358	38.80	-693.8
40.392	89.34	-688.9
40.425	135.6	-681.4
40.458	175.2	-672.0
40.492	206.6	-663.3
40.525	227.7	-656.3
40.559	238.6	-652.4
40.592	238.9	-652.2
40.625	229.4	-655.5
40.659	208.9	-662.3
40.692	177.9	-670.8
40.725	139.6	-680.2
40.759	93.42	-688.1
40.792	42.53	-693.5
40.825	-11.97	-695.2
40.859	-65.65	-692.8
40.892	-116.2	-687.0
40.925	-163.6	-678.2
40.959	-202.8	-668.2
40.992	-234.0	-658.3
41.026	-255.3	-650.2
41.059	-267.7	-645.2
41.092	-269.4	-644.2
41.126	-260.4	-647.9
41.159	-240.0	-656.1
41.192	-212.6	-665.1
41.226	-176.4	-675.1
41.259	-134.6	-684.1
41.292	-87.13	-691.2
41.326	-36.26	-695.1
41.359	16.23	-695.4
41.392	67.43	-691.9
41.426	115.9	-685.2
41.459	157.8	-676.9
41.492	192.7	-667.9
41.526	218.7	-660.2
41.559	234.1	-654.8
41.593	239.4	-653.1
41.626	234.6	-654.8
41.659	219.4	-660.2
41.693	193.3	-668.1
41.726	158.9	-677.2
41.759	115.4	-685.9
41.793	67.46	-692.5
41.826	13.96	-695.9
41.859	-40.25	-695.5
41.893	-92.66	-690.9
41.926	-142.6	-683.2
41.959	-183.9	-674.1
41.993	-218.1	-664.0
42.026	-244.6	-655.0
42.059	-261.9	-648.3
42.093	-267.2	-645.9
42.126	-262.9	-648.2
42.160	-247.9	-654.2
42.193	-224.2	-662.1
42.226	-192.0	-672.1
42.260	-153.5	-681.2
42.293	-108.1	-689.2
42.326	-56.83	-694.8
42.360	-6.028	-696.8
42.393	45.74	-695.1
42.426	94.31	-689.9
42.460	139.9	-682.3
42.493	178.6	-673.3
42.526	207.8	-665.1
42.560	228.5	-658.2
42.593	238.1	-654.7
42.627	238.3	-655.0
42.660	228.6	-658.5
42.693	207.5	-665.1
42.727	176.7	-674.0
42.760	137.1	-683.0
42.793	91.97	-690.4
42.827	41.90	-695.4
42.860	-13.14	-696.9
42.893	-68.29	-694.4
42.927	-118.4	-688.2
42.960	-164.6	-679.3
42.993	-202.9	-669.3
43.027	-233.0	-659.5
43.060	-252.5	-652.1
43.093	-264.5	-647.2
43.127	-265.0	-647.3
43.160	-254.5	-651.4
43.194	-235.5	-658.1
43.227	-207.7	-667.4
43.260	-171.1	-677.0
43.294	-128.2	-685.9
43.327	-79.92	-692.9
43.360	-29.73	-696.4
43.394	22.32	-696.1
43.427	72.74	-692.4
43.460	118.3	-685.8
43.494	160.5	-677.5
43.527	194.2	-668.4
43.560	219.9	-660.5
43.594	234.7	-655.4
43.627	240.0	-653.3
43.660	234.4	-655.2
43.694	219.5	-660.3
43.727	192.6	-668.3
43.761	157.9	-677.1
43.794	115.9	-685.5
43.827	65.14	-691.9
43.861	13.00	-695.3
43.894	-40.30	-694.7
43.927	-94.49	-690.3
43.961	-140.3	-683.0
43.994	-181.6	-674.1
44.027	-216.0	-664.3
44.061	-239.9	-656.2
44.094	-253.7	-651.2
44.127	-258.6	-649.1
44.161	-253.7	-651.2
44.194	-239.7	-656.2
44.228	-215.8	-664.2
44.261	-184.2	-673.1
44.294	-145.2	-682.1
44.328	-98.28	-690.0
44.361	-47.81	-695.0
44.394	2.232	-696.2
44.428	52.02	-693.9
44.461	102.6	-688.4
44.494	143.5	-681.0
44.528	181.2	-672.2
44.561	209.1	-664.0
44.594	228.5	-658.1
44.628	237.6	-654.9
44.661	237.1	-655.1
44.694	225.7	-659.1
44.728	203.7	-666.1
44.761	173.9	-674.2
44.795	133.7	-683.2
44.828	88.77	-690.4
44.861	36.25	-695.1
44.895	-17.32	-696.3
44.928	-70.06	-693.4
44.961	-118.8	-687.1
44.995	-161.1	-679.2
45.028	-196.4	-670.2
45.061	-222.8	-662.2
45.095	-240.2	-656.1
45.128	-248.5	-653.1
45.161	-248.6	-653.2
45.195	-240.2	-656.1
45.228	-223.0	-662.3
45.261	-196.5	-670.2
45.295	-161.0	-679.2
45.328	-119.3	-687.1
45.362	-72.35	-693.2
45.395	-21.19	-696.1
45.428	29.82	-695.4
45.462	78.70	-691.2
45.495	124.9	-684.2
45.528	163.5	-676.1
45.562	196.7	-667.4
45.595	219.6	-660.3
45.628	234.3	-655.3
45.662	237.6	-654.1
45.695	231.2	-656.2
45.728	213.4	-662.0
45.762	186.8	-670.0
45.795	150.4	-679.0
45.829	107.2	-687.0
45.862	58.14	-693.1
45.895	6.356	-695.9
45.929	-46.62	-695.1
45.962	-97.87	-690.4
45.995	-142.3	-682.9
46.029	-183.1	-674.0
46.062	-216.6	-664.3
46.095	-240.8	-656.3
46.129	-254.5	-651.0
46.162	-259.8	-649.2
46.195	-254.3	-651.2
46.229	-238.7	-657.1
46.262	-214.6	-665.2
46.295	-183.1	-674.4
46.329	-142.5	-683.2
46.362	-98.10	-690.2
46.396	-48.32	-694.9
46.429	2.991	-696.2
46.462	53.44	-693.8
46.496	101.5	-688.3
46.529	143.2	-680.9
46.562	180.0	-672.3
46.596	208.0	-664.3
46.629	226.6	-658.4
46.662	235.1	-655.2
46.696	232.8	-656.2
46.729	220.4	-660.1
46.762	198.1	-667.0
46.796	167.6	-675.3
46.829	126.7	-683.9
46.862	80.22	-691.1
46.896	30.21	-695.3
46.929	-21.81	-696.0
46.963	-74.01	-693.1
46.996	-120.9	-687.1
47.029	-162.4	-679.0
47.063	-200.7	-669.3
47.096	-227.2	-661.0
47.129	-247.0	-654.3
47.163	-256.7	-650.2
47.196	-256.5	-650.2
47.229	-246.0	-654.4
47.263	-225.8	-661.3
47.296	-197.1	-670.2
47.329	-160.7	-679.1
47.363	-118.3	-687.2
47.396	-71.05	-693.1
47.429	-20.95	-696.0
47.463	30.79	-695.2
47.496	79.27	-690.9
47.530	124.6	-684.3
47.563	163.8	-676.1
47.596	194.2	-668.0
47.630	217.1	-661.2
47.663	229.3	-657.0
47.696	232.2	-656.1
47.730	224.1	-658.8
47.763	207.8	-664.5
47.796	179.5	-672.1
47.830	144.4	-680.4
47.863	100.9	-688.1
47.896	53.34	-693.5
47.930	1.879	-695.8
47.963	-49.41	-694.9
47.997	-99.85	-690.2
48.030	-146.0	-682.5
48.063	-185.4	-673.2
48.097	-216.9	-664.0
48.130	-240.4	-656.1
48.163	-253.5	-651.2
48.197	-258.5	-649.3
48.230	-252.5	-651.5
48.263	-236.9	-657.4
48.297	-212.6	-665.2
48.330	-180.0	-674.4
48.363	-140.3	-682.8
48.397	-95.20	-690.2
48.430	-46.27	-694.4
48.463	4.320	-695.4
48.497	53.75	-693.0
48.530	100.9	-687.3
48.564	142.1	-679.7
48.597	178.7	-671.5
48.630	204.6	-664.1
48.664	221.9	-658.6
48.697	228.1	-655.8
48.730	225.8	-657.1
48.764	213.1	-661.2
48.797	190.1	-668.1
48.830	159.1	-676.2
48.864	119.5	-684.2
48.897	73.03	-690.8
48.930	23.73	-694.8
48.964	-27.92	-695.2
48.997	-77.92	-692.2
49.030	-126.5	-685.4
49.064	-167.4	-677.1
49.097	-202.4	-668.1
49.131	-230.0	-659.4
49.164	-247.5	-652.9
49.197	-255.3	-650.0
49.231	-253.6	-651.0
49.264	-242.6	-655.3
49.297	-221.9	-662.4
49.331	-194.4	-670.3
49.364	-158.0	-679.4
49.397	-115.7	-687.1
49.431	-66.75	-693.0
49.464	-18.41	-695.4
49.497	32.10	-694.2
49.531	80.11	-690.0
49.564	125.3	-683.2
49.598	163.5	-675.2
49.631	194.0	-667.1
49.664	215.0	-660.7
49.698	227.0	-657.0
49.731	229.6	-656.4
49.764	220.9	-659.1
49.798	201.7	-665.2
49.831	175.2	-672.4
49.864	139.7	-680.4
49.898	98.08	-687.4
49.931	48.22	-692.8
49.964	-2.158	-695.1
49.998	-54.78	-693.5
50.031	-103.9	-688.4
50.064	-149.6	-680.4
50.098	-187.4	-671.3
50.131	-218.5	-662.2
50.165	-239.8	-655.1
50.198	-252.3	-650.3
50.231	-254.9	-649.6
50.265	-247.5	-652.0
50.298	-231.0	-658.3
50.331	-205.6	-666.2
50.365	-172.8	-675.2
50.398	-133.7	-683.2
50.431	-87.88	-690.1
50.465	-39.84	-694.0
50.498	10.19	-694.4
50.531	59.65	-691.5
50.565	106.1	-685.4
50.598	146.2	-677.8
50.631	179.7	-670.1
50.665	204.9	-663.2
50.698	220.5	-658.0
50.732	226.4	-656.0
50.765	223.2	-657.2
50.798	210.4	-661.5
50.832	186.6	-668.2
50.865	154.7	-676.2
50.898	114.2	-684.2
50.932	69.67	-690.3
50.965	19.24	-693.8
50.998	-32.43	-694.1
51.032	-81.31	-690.8
51.065	-129.5	-684.2
51.098	-169.2	-676.0
51.132	-203.9	-667.2
51.165	-229.2	-659.0
51.199	-246.3	-652.9
51.232	-252.5	-651.0
51.265	-249.8	-652.2
51.299	-236.3	-657.0
51.332	-215.3	-664.1
51.365	-185.1	-673.2
51.399	-149.3	-681.2
51.432	-108.0	-688.5
51.465	-61.32	-693.3
51.499	-11.95	-695.4
51.532	36.38	-693.9
51.565	84.34	-689.5
51.599	128.2	-682.4
51.632	165.4	-674.4
51.665	193.0	-666.8
51.699	213.6	-661.0
51.732	224.8	-657.4
51.766	224.9	-657.0
51.799	216.2	-660.1
51.832	197.0	-665.9
51.866	168.0	-673.8
51.899	131.9	-682.0
51.932	88.74	-689.1
51.966	40.21	-693.8
51.999	-10.24	-695.5
52.032	-61.81	-693.2
52.066	-109.3	-687.9
52.099	-153.6	-680.2
52.132	-190.9	-671.3
52.166	-218.7	-663.1
52.199	-239.3	-656.0
52.232	-250.3	-651.8
52.266	-251.3	-651.8
52.299	-243.2	-655.1
52.333	-226.0	-661.5
52.366	-200.0	-669.4
52.399	-165.2	-678.0
52.433	-125.2	-686.0
52.466	-80.35	-692.2
52.499	-32.75	-695.5
52.533	17.31	-695.3
52.566	64.93	-692.0
52.599	109.9	-686.3
52.633	148.0	-678.9
52.666	181.2	-671.1
52.699	205.1	-664.2
52.733	220.8	-659.5
52.766	226.0	-657.3
52.800	220.8	-659.1
52.833	205.2	-663.9
52.866	181.1	-670.8
52.900	148.1	-679.1
52.933	109.1	-686.3
52.966	63.23	-692.1
53.000	13.01	-695.2
53.033	-36.39	-694.8
53.066	-86.86	-691.2
53.100	-133.2	-684.1
53.133	-172.1	-676.3
53.166	-205.3	-667.2
53.200	-230.3	-659.2
53.233	-245.3	-654.0
53.266	-251.0	-652.2
53.300	-247.5	-653.3
53.333	-233.7	-658.2
53.367	-211.7	-665.4
53.400	-180.4	-674.2
53.433	-143.0	-682.4
53.467	-100.1	-689.1
53.500	-52.05	-694.0
53.533	-3.449	-695.4
53.567	44.54	-693.6
53.600	91.10	-688.4
53.633	132.7	-681.4
53.667	166.7	-674.0
53.700	193.6	-666.9
53.733	212.6	-661.3
53.767	221.9	-658.3
53.800	220.9	-658.3
53.833	209.5	-661.9
53.867	189.1	-668.0
53.900	161.3	-675.4
53.934	123.6	-683.2
53.967	78.86	-689.9
54.000	30.90	-694.1
54.034	-19.27	-695.1
54.067	-69.76	-692.6
54.100	-115.1	-687.0
54.134	-157.2	-679.1
54.167	-191.8	-671.1
54.200	-219.3	-662.9
54.234	-237.9	-657.1
54.267	-248.4	-652.9
54.300	-248.7	-653.2
54.334	-239.9	-656.4
54.367	-220.0	-663.2
54.400	-193.2	-671.0
54.434	-159.8	-679.4
54.467	-118.1	-687.2
54.501	-70.76	-692.9
54.534	-22.73	-695.7
54.567	25.39	-695.5
54.601	71.99	-691.7
54.634	115.3	-686.0
54.667	152.7	-678.9
54.701	183.4	-671.2
54.734	205.0	-665.0
54.767	218.1	-660.9
54.801	221.5	-660.0
54.834	215.3	-661.9
54.867	199.1	-667.2
54.901	173.6	-674.2
54.934	139.3	-682.0
54.968	99.07	-689.1
55.001	53.43	-694.3
55.034	4.710	-696.7
55.068	-45.40	-695.9
55.101	-93.11	-691.8
55.134	-137.6	-685.2
55.168	-175.5	-677.2
55.201	-207.7	-668.3
55.234	-230.2	-661.0
55.268	-245.7	-655.5
55.301	-249.7	-654.0
55.334	-245.4	-655.4
55.368	-230.3	-661.0
55.401	-207.9	-668.5
55.434	-175.5	-677.0
55.468	-137.9	-685.2
55.501	-94.26	-692.0
55.535	-47.56	-696.2
55.568	2.129	-697.2
55.601	49.75	-695.1
55.635	95.18	-690.1
55.668	135.2	-683.3
55.701	170.1	-675.5
55.735	196.0	-668.3
55.768	212.9	-663.3
55.801	219.7	-660.9
55.835	217.1	-661.7
55.868	204.6	-665.9
55.901	183.4	-672.0
55.935	153.8	-679.5
55.968	114.8	-686.9
56.001	71.31	-693.0
56.035	24.41	-696.6
56.068	-24.06	-696.8
56.102	-72.63	-694.1
56.135	-119.3	-688.3
56.168	-159.2	-680.8
56.202	-194.8	-672.3
56.235	-221.2	-664.2
56.268	-239.4	-657.8
56.302	-248.2	-655.0
56.335	-248.1	-655.2
56.368	-237.8	-659.4
56.402	-218.2	-665.9
56.435	-190.9	-674.5
56.468	-155.0	-683.0
56.502	-114.5	-690.4
56.535	-68.46	-696.0
56.569	-20.74	-698.8
56.602	28.13	-698.4
56.635	73.93	-694.7
56.669	116.8	-689.0
56.702	153.2	-681.9
56.735	183.3	-674.6
56.769	203.8	-668.4
56.802	215.2	-664.6
56.835	216.9	-663.9
56.869	208.9	-666.5
56.902	191.3	-671.3
56.935	165.2	-678.2
56.969	129.9	-685.9
57.002	89.55	-692.4
57.035	43.85	-697.1
57.069	-4.049	-698.8
57.102	-52.51	-697.5
57.136	-99.90	-693.0
57.169	-142.4	-686.4
57.202	-181.7	-688.8
57.236	-221.8	-716.7
57.269	-249.6	-728.7
57.302	-249.7	-672.1
57.336	-250.5	-661.8
57.369	-249.5	-684.5
57.402	-228.5	-671.2
57.436	-203.5	-676.0
57.469	-171.4	-684.7
57.502	-133.3	-698.4
57.536	-89.40	-703.9
57.569	-41.83	-704.0
57.602	6.625	-704.9
57.636	53.55	-700.9
57.669	98.34	-696.9
57.703	138.2	-690.0
57.736	188.2	-732.6
57.769	227.2	-757.2
57.803	243.4	-747.2
57.836	251.4	-748.1
57.869	246.6	-747.0
57.903	229.5	-745.0
57.936	191.4	-717.2
57.969	156.4	-717.0
58.003	116.5	-723.8
58.036	70.38	-725.6
58.069	28.45	-787.1
58.103	-27.43	-764.7
58.136	-79.66	-764.8
58.170	-127.5	-733.1
58.203	-175.6	-763.3
58.236	-211.4	-745.6
58.270	-235.4	-715.7
58.303	-259.7	-730.8
58.336	-257.9	-693.8
58.370	-255.6	-696.1
58.403	-243.5	-705.2
58.436	-219.5	-705.4
58.470	-187.5	-705.4
58.503	-148.5	-697.5
58.536	-106.0	-697.3
58.570	-60.51	-701.2
58.603	-12.78	-702.8
58.636	35.11	-701.8
58.670	80.18	-697.3
58.703	122.1	-691.7
58.737	156.5	-682.5
58.770	184.5	-675.5
58.803	203.9	-669.6
58.837	213.7	-666.4
58.870	214.0	-666.1
58.903	205.1	-669.2
58.937	187.3	-674.5
58.970	160.7	-681.4
59.003	142.4	-747.3
59.037	103.3	-777.4
59.070	48.53	-758.9
59.103	-4.365	-759.7
59.137	-56.60	-757.1
59.170	-108.4	-769.3
59.203	-151.5	-727.3
59.237	-190.5	-720.3
59.270	-223.3	-717.6
59.304	-249.6	-728.3
59.337	-251.6	-685.3
59.370	-252.7	-683.9
59.404	-244.6	-689.0
59.437	-235.6	-737.2
59.470	-200.6	-710.2
59.504	-160.7	-684.3
59.537	-121.3	-696.2
59.570	-77.44	-715.9
59.604	-30.79	-702.7
59.637	17.04	-703.5
59.670	62.83	-698.7
59.704	106.6	-699.8
59.737	142.6	-686.9
59.771	172.8	-678.8
59.804	196.5	-674.8
59.837	210.3	-670.3
59.871	214.5	-668.0
59.904	210.4	-671.1
59.937	206.4	-701.3
59.971	182.4	-708.2
60.004	152.4	-725.1
60.037	116.3	-749.2
60.071	70.50	-762.7
60.104	20.35	-782.2
60.137	-36.84	-730.0
60.171	-86.32	-727.0
60.204	-133.6	-730.0
60.237	-180.5	-762.3
60.271	-211.4	-726.6
60.304	-239.5	-729.5
60.338	-258.5	-730.1
60.371	-249.5	-674.8
60.404	-248.4	-688.4
60.438	-235.4	-698.5
60.471	-211.6	-704.4
60.504	-178.8	-706.8
60.538	-137.9	-689.5
60.571	-96.56	-714.1
60.604	-50.10	-716.2
60.638	-3.895	-705.1
60.671	43.23	-705.4
60.704	90.62	-712.9
60.738	149.4	-771.2
60.771	186.4	-763.0
60.804	216.7	-756.9
60.838	235.6	-748.9
60.871	217.3	
