	mass A		
t	x	y	
0.000	169.2	-898.0
0.033	132.9	-904.1
0.067	91.71	-911.1
0.100		
0.133	-2.679	-917.1
0.167	-52.19	-917.1
0.200	-100.7	-914.0
0.233	-143.9	-910.9
0.267	-185.7	-903.8
0.300	-220.1	-897.2
0.334	-245.5	-891.8
0.367	-263.4	-887.7
0.400	-271.4	-886.6
0.434	-271.8	-887.0
0.467	-261.6	-889.8
0.500	-242.0	-896.0
0.534	-213.7	-902.8
0.567	-179.7	-909.9
0.600	-139.7	-915.8
0.634	-96.08	-920.0
0.667	-49.68	-921.9
0.700	-1.305	-921.8
0.734	46.67	-919.8
0.767	91.21	-914.8
0.800	131.0	-909.0
0.834	166.9	-901.2
0.867	196.4	-894.7
0.901	218.3	-888.8
0.934	231.9	-884.9
0.967	238.5	-882.8
1.001	235.3	-883.0
1.034	225.2	-885.9
1.067	207.0	-890.8
1.101	179.1	-896.3
1.134	147.2	-902.8
1.167	108.4	-909.8
1.201	63.97	-915.2
1.234	18.44	-918.8
1.267	-31.42	-918.9
1.301	-79.64	-917.8
1.334	-124.8	-914.9
1.367	-166.7	-909.9
1.401	-202.5	-903.8
1.434	-231.8	-897.9
1.468	-251.9	-894.0
1.501	-263.1	-892.1
1.534	-265.5	-891.7
1.568	-259.0	-894.1
1.601	-243.7	-898.0
1.634	-219.0	-904.2
1.668	-187.2	-911.1
1.701	-148.1	-917.0
1.734	-105.1	-921.8
1.768	-57.70	-924.7
1.801	-11.30	-924.9
1.834	36.01	-923.0
1.868	82.32	-918.9
1.901	124.5	-913.1
1.935	161.6	-906.0
1.968	192.3	-898.6
2.001	213.9	-892.1
2.035	230.6	-886.8
2.068	238.1	-884.0
2.101	238.3	-883.7
2.135	230.3	-885.7
2.168	213.3	-889.8
2.201	189.1	-895.0
2.235	157.3	-901.1
2.268	119.4	-907.8
2.301	76.79	-913.0
2.335	29.39	-916.1
2.368	-19.72	-918.1
2.401	-67.75	-917.7
2.435	-113.7	-914.8
2.468	-156.0	-911.1
2.502	-195.5	-903.7
2.535	-228.5	-896.7
2.568	-250.8	-893.0
2.602	-263.8	-890.9
2.635	-269.8	-890.0
2.668	-266.6	-890.8
2.702	-254.7	-893.9
2.735	-230.9	-901.0
2.768	-202.5	-906.7
2.802	-166.8	-913.0
2.835	-125.0	-918.9
2.868	-80.66	-922.0
2.902	-33.07	-924.1
2.935	14.79	-923.1
2.968	63.79	-921.2
3.002	107.1	-914.9
3.035	147.3	-908.9
3.069	180.0	-901.1
3.102	206.0	-894.3
3.135	226.0	-888.9
3.169	237.4	-884.9
3.202	241.3	-883.7
3.235	236.7	-885.2
3.269	223.5	-888.0
3.302	203.3	-893.7
3.335	174.9	-899.9
3.369	139.6	-905.9
3.402	98.40	-912.0
3.435	54.34	-917.7
3.469	5.834	-920.2
3.502	-43.54	-920.8
3.535	-90.90	-918.9
3.569	-135.4	-914.8
3.602	-175.5	-909.9
3.636	-209.7	-904.0
3.669	-236.0	-899.0
3.702	-254.2	-895.2
3.736	-263.6	-892.9
3.769	-263.9	-893.2
3.802	-253.0	-897.0
3.836	-235.5	-900.9
3.869	-209.6	-907.0
3.902	-175.9	-913.1
3.936	-135.7	-918.9
3.969	-92.04	-923.0
4.002	-45.22	-925.2
4.036	3.066	-924.9
4.069	49.75	-922.4
4.102	95.05	-917.2
4.136	135.7	-910.7
4.169	171.6	-903.5
4.203	200.6	-896.8
4.236	222.2	-891.1
4.269	235.6	-885.8
4.303	241.9	-884.0
4.336	240.0	-884.1
4.369	229.9	-887.1
4.403	211.3	-890.8
4.436	185.7	-896.8
4.469	152.2	-904.0
4.503	112.5	-909.9
4.536	68.74	-915.4
4.569	22.86	-919.8
4.603	-27.04	-920.1
4.636	-74.51	-918.7
4.669	-120.2	-916.2
4.703	-162.8	-911.0
4.736	-198.9	-905.3
4.770	-227.1	-900.0
4.803	-248.9	-895.2
4.836	-261.8	-892.2
4.870	-265.0	-892.1
4.903	-258.9	-893.9
4.936	-243.7	-897.9
4.970	-219.6	-903.7
5.003	-189.3	-910.1
5.036	-151.4	-915.5
5.070	-110.0	-920.2
5.103	-64.99	-923.2
5.136	-16.76	-923.7
5.170	30.25	-921.8
5.203	76.35	-917.7
5.237	116.9	-912.0
5.270	155.2	-905.7
5.303	184.8	-898.1
5.337	208.5	-891.8
5.370	224.7	-886.8
5.403	232.6	-883.7
5.437	232.8	-883.3
5.470	226.0	-885.2
5.503	210.1	-888.2
5.537	186.5	-893.0
5.570	156.0	-899.2
5.603	120.2	-906.8
5.637	78.45	-911.7
5.670	33.04	-916.0
5.703	-14.93	-918.0
5.737	-63.69	-917.0
5.770	-109.7	-914.7
5.804	-150.4	-911.7
5.837	-190.9	-905.1
5.870	-222.9	-899.2
5.904	-247.3	-893.7
5.937	-263.8	-890.1
5.970	-270.4	-888.7
6.004	-267.8	-890.0
6.037	-256.7	-892.8
6.070	-235.0	-899.1
6.104	-206.5	-904.6
6.137	-171.7	-911.0
6.170	-129.9	-916.9
6.204	-84.78	-920.8
6.237	-38.45	-921.9
6.270	8.386	-921.1
6.304	55.15	-918.2
6.337	97.19	-912.1
6.371	136.7	-905.8
6.404	169.5	-898.6
6.437	196.1	-892.8
6.471	215.2	-887.1
6.504	227.0	-884.0
6.537	230.1	-882.2
6.571	226.5	-882.8
6.604	214.2	-886.1
6.637	194.1	-891.1
6.671	166.9	-897.2
6.704	133.0	-903.8
6.737	93.39	-909.8
6.771	50.09	-914.8
6.804	3.674	-917.9
6.837	-45.49	-917.9
6.871	-90.99	-916.8
6.904	-135.8	-913.1
6.938	-175.5	-907.9
6.971	-210.3	-901.9
7.004	-237.3	-896.6
7.038	-256.8	-892.9
7.071	-266.6	-891.1
7.104	-267.6	-890.9
7.138	-259.9	-893.2
7.171	-241.9	-897.9
7.204	-215.8	-904.0
7.238	-181.9	-910.7
7.271	-143.7	-915.9
7.304	-99.90	-920.2
7.338	-53.32	-921.7
7.371	-6.278	-922.3
7.404	41.68	-920.0
7.438	85.39	-914.7
7.471	126.1	-908.9
7.505	160.7	-902.0
7.538	189.6	-895.8
7.571	210.9	-889.8
7.605	224.9	-885.9
7.638	230.5	-883.0
7.671	228.9	-883.2
7.705	220.4	-885.7
7.738	203.0	-890.2
7.771	177.8	-896.0
7.805	146.3	-901.9
7.838	107.2	-908.1
7.871	65.40	-913.1
7.905	19.84	-917.1
7.938	-28.16	-918.2
7.971	-75.05	-917.2
8.005	-121.3	-914.1
8.038	-161.7	-909.9
8.072	-198.3	-903.5
8.105	-227.8	-898.8
8.138	-250.2	-894.3
8.172	-264.0	-891.2
8.205	-267.5	-890.8
8.238	-263.1	-892.2
8.272	-249.5	-894.9
8.305	-226.1	-901.1
8.338	-195.4	-907.6
8.372	-159.4	-912.8
8.405	-118.5	-917.0
8.438	-73.47	-919.9
8.472	-25.45	-920.7
8.505	21.68	-919.8
8.539	66.31	-915.7
8.572	107.6	-909.8
8.605	144.5	-903.7
8.639	175.4	-896.7
8.672	199.3	-890.8
8.705	215.3	-885.9
8.739	223.9	-883.0
8.772	224.8	-882.3
8.805	218.9	-884.1
8.839	204.7	-888.1
8.872	182.5	-892.8
8.905	153.2	-898.8
8.939	119.2	-907.1
8.972	77.84	-911.2
9.005	34.34	-915.0
9.039	-12.06	-918.2
9.072	-60.36	-915.9
9.106	-106.3	-915.3
9.139	-147.5	-911.6
9.172	-186.8	-905.8
9.206	-218.5	-900.7
9.239	-243.4	-895.7
9.272	-259.8	-893.1
9.306	-266.8	-891.9
9.339	-264.7	-892.8
9.372	-252.6	-896.7
9.406	-232.5	-901.7
9.439	-205.0	-907.9
9.472	-171.5	-912.9
9.506	-130.1	-918.9
9.539	-86.07	-922.0
9.572	-38.94	-923.9
9.606	7.127	-922.0
9.639	54.38	-919.8
9.673	97.06	-914.0
9.706	135.0	-908.0
9.739	167.5	-900.0
9.773	194.0	-894.3
9.806	213.1	-888.9
9.839	224.6	-884.7
9.873	228.0	-883.1
9.906	224.3	-883.9
9.939	212.7	-887.2
9.973	193.8	-892.1
10.006	165.9	-897.3
10.039	133.9	-904.0
10.073	95.21	-910.1
10.106	53.24	-914.8
10.139	7.857	-919.0
10.173	-39.58	-918.9
10.206	-85.92	-918.1
10.240	-129.6	-914.8
10.273	-169.4	-910.7
10.306	-203.5	-905.7
10.340	-229.7	-901.8
10.373	-250.7	-896.9
10.406	-261.7	-894.8
10.440	-263.0	-895.1
10.473	-254.5	-897.7
10.506	-237.9	-901.9
10.540	-212.2	-908.2
10.573	-181.0	-913.1
10.606	-143.1	-918.0
10.640	-99.97	-922.1
10.673	-55.61	-923.0
10.706	-9.482	-922.9
10.740	37.85	-921.1
10.773	81.63	-915.7
10.807	119.5	-909.1
10.840	155.1	-902.2
10.873	184.2	-896.0
10.907	205.3	-890.0
10.940	219.8	-885.9
10.973	226.9	-883.9
11.007	226.1	-883.9
11.040	216.7	-885.8
11.073	199.3	-889.9
11.107	176.7	-895.9
11.140	145.7	-901.8
11.173	110.0	-908.9
11.207	68.09	-914.0
11.240	24.04	-918.0
11.273	-22.62	-918.9
11.307	-69.79	-919.0
11.340	-114.7	-916.0
11.374	-156.4	-911.7
11.407	-192.6	-907.8
11.440	-223.1	-902.1
11.474	-244.8	-898.0
11.507	-260.6	-893.9
11.540	-264.6	-893.7
11.574	-260.4	-894.7
11.607	-246.5	-898.7
11.640	-225.7	-903.0
11.674	-196.2	-909.3
11.707	-159.2	-915.1
11.740	-118.5	-918.8
11.774	-75.60	-920.9
11.807	-28.70	-921.9
11.841	17.36	-919.9
11.874	61.83	-916.1
11.907	102.6	-909.8
11.941	139.8	-904.2
11.974	170.5	-896.7
12.007	195.6	-891.5
12.041	211.1	-886.2
12.074	219.9	-883.2
12.107	221.7	-881.8
12.141	216.1	-883.8
12.174	202.3	-887.0
12.207	181.0	-892.0
12.241	152.9	-898.0
12.274	120.2	-905.9
12.307	80.76	-911.1
12.341	38.27	-915.9
12.374	-8.093	-918.3
12.408	-53.34	-918.8
12.441	-99.55	-916.8
12.474	-142.9	-913.2
12.508	-181.2	-909.1
12.541	-213.8	-903.0
12.574	-238.0	-899.0
12.608	-256.0	-895.1
12.641	-262.8	-894.0
12.674	-261.0	-895.1
12.708	-249.7	-897.9
12.741	-230.0	-903.0
12.774	-203.8	-907.9
12.808	-171.2	-913.2
12.841	-132.5	-916.9
12.874	-89.72	-919.9
12.908	-43.97	-921.9
12.941	1.306	-921.0
12.975	47.54	-917.7
13.008	88.47	-912.0
13.041	127.1	-906.2
13.075	159.7	-898.7
13.108	186.1	-893.0
13.141	205.1	-887.1
13.175	217.3	-883.7
13.208	221.0	-882.2
13.241	218.5	-882.7
13.275	207.6	-885.5
13.308	188.8	-890.3
13.341	164.0	-895.9
13.375	131.2	-902.1
13.408	94.58	-908.6
13.441	53.15	-913.7
13.475	9.158	-917.8
13.508	-37.93	-918.9
13.542	-83.75	-917.9
13.575	-128.0	-915.2
13.608	-166.0	-911.9
13.642	-203.3	-905.2
13.675	-230.5	-899.8
13.708	-250.8	-895.9
13.742	-261.7	-893.9
13.775	-263.3	-894.3
13.808	-255.8	-895.9
13.842	-238.0	-901.0
13.875	-212.7	-906.9
13.908	-182.4	-911.7
13.942	-146.7	-915.9
13.975	-105.6	-918.9
14.008	-61.20	-921.1
14.042	-13.83	-921.9
14.075	31.51	-919.7
14.109	73.60	-913.8
14.142	112.1	-908.1
14.175	148.3	-901.7
14.209	176.7	-895.9
14.242	198.6	-889.6
14.275	213.1	-885.8
14.309	219.2	-883.2
14.342	218.8	-883.3
14.375	211.3	-884.8
14.409	195.4	-888.8
14.442	172.3	-894.1
14.475	143.5	-900.7
14.509	108.3	-907.6
14.542	66.45	-912.0
14.576	23.87	-916.1
14.609	-22.62	-918.1
14.642	-69.23	-918.3
14.676	-113.4	-915.7
14.709	-154.1	-913.1
14.742	-187.8	-910.0
14.776	-219.6	-903.8
14.809	-241.5	-899.8
14.842	-256.0	-897.1
14.876	-260.9	-896.0
14.909	-255.7	-897.9
14.942	-241.4	-901.6
14.976	-219.8	-906.8
15.009	-191.4	-911.7
15.042	-155.7	-916.9
15.076	-115.6	-920.8
15.109	-73.14	-923.1
15.143	-26.53	-923.8
15.176	17.91	-922.0
15.209	61.81	-918.1
15.243	101.7	-912.1
15.276	137.3	-905.1
15.309	167.5	-898.0
15.343	192.0	-892.2
15.376	208.3	-887.1
15.409	217.9	-884.2
15.443	220.2	-883.0
15.476	214.7	-883.9
15.509	201.7	-887.6
15.543	180.8	-892.3
15.576	153.3	-898.0
15.609	121.7	-905.6
15.643	81.87	-911.0
15.676	39.39	-915.0
15.710	-5.718	-918.8
15.743	-52.05	-919.2
15.776	-97.42	-917.6
15.810	-141.3	-914.1
15.843	-178.0	-911.1
15.876	-209.6	-905.9
15.910	-233.8	-901.9
15.943	-251.4	-897.7
15.976	-257.8	-898.0
16.010	-255.9	-899.0
16.043	-245.0	-902.0
16.076	-226.0	-906.1
16.110	-201.1	-910.2
16.143	-166.8	-916.0
16.176	-128.1	-920.1
16.210	-86.08	-923.1
16.243	-42.48	-922.9
16.277	1.179	-921.2
16.310	46.99	-919.1
16.343	87.46	-912.9
16.377	124.5	-907.0
16.410	157.6	-900.6
16.443	183.1	-894.1
16.477	202.7	-888.6
16.510	214.2	-884.9
16.543	218.6	-882.8
16.577	216.3	-883.8
16.610	206.3	-886.7
16.643	188.1	-891.0
16.677	162.4	-895.9
16.710	132.2	-902.9
16.743	95.31	-909.0
16.777	53.47	-913.9
16.810	9.169	-918.1
16.844	-38.01	-919.1
16.877	-82.43	-918.8
16.910	-126.5	-915.8
16.944	-164.5	-912.7
16.977	-199.5	-907.8
17.010	-227.2	-903.3
17.044	-246.7	-898.9
17.077	-258.6	-895.9
17.110	-260.7	-895.9
17.144	-253.5	-897.7
17.177	-237.1	-902.2
17.210	-213.1	-907.1
17.244	-181.8	-911.9
17.277	-144.6	-916.8
17.310	-103.7	-920.0
17.344	-59.68	-921.9
17.377	-13.73	-921.9
17.411	31.48	-919.7
17.444	73.08	-914.9
17.477	110.5	-908.8
17.511	144.5	-901.9
17.544	172.9	-896.2
17.577	194.4	-889.9
17.611	207.5	-884.9
17.644	215.5	-882.7
17.677	215.3	-882.8
17.711	207.7	-884.7
17.744	192.7	-888.6
17.777	170.7	-895.1
17.811	142.3	-900.9
17.844	107.7	-908.1
17.878	67.98	-913.2
17.911	26.09	-918.0
17.944	-21.49	-918.7
17.978	-67.93	-919.0
18.011	-111.5	-916.8
18.044	-152.1	-914.1
18.078	-186.2	-911.3
18.111	-217.1	-905.1
18.144	-239.1	-901.1
18.178	-252.0	-899.1
18.211	-255.6	-898.8
18.244	-253.5	-898.8
18.278	-239.1	-903.1
18.311	-216.7	-907.9
18.344	-189.8	-911.9
18.378	-156.1	-916.1
18.411	-116.2	-920.1
18.445	-73.32	-921.8
18.478	-28.92	-922.1
18.511	15.45	-920.1
18.545	59.09	-915.9
18.578	99.15	-910.8
18.611	133.2	-904.1
18.645	163.2	-897.2
18.678	186.8	-891.2
18.711	204.6	-886.7
18.745	213.0	-883.2
18.778	214.8	-882.3
18.811	209.9	-883.3
18.845	198.2	-886.9
18.878	177.2	-891.1
18.911	150.1	-897.1
18.945	116.6	-902.5
18.978	78.94	-909.1
19.012	37.76	-914.1
19.045	-6.506	-917.7
19.078	-51.66	-918.8
19.112	-97.08	-917.0
19.145	-139.5	-913.8
19.178	-175.9	-911.0
19.212	-207.6	-905.8
19.245	-232.2	-902.2
19.278	-249.7	-898.0
19.312	-257.5	-896.7
19.345	-257.4	-896.7
19.378	-245.9	-900.9
19.412	-228.0	-905.1
19.445	-202.3	-909.2
19.478	-168.9	-914.0
19.512	-130.9	-918.1
19.545	-88.71	-920.9
19.579	-44.12	-922.2
19.612	0.821	-921.1
19.645	45.44	-917.7
19.679	84.53	-911.8
19.712	121.5	-906.0
19.745	153.2	-899.1
19.779	179.1	-893.0
19.812	197.4	-887.7
19.845	209.2	-884.0
19.879	213.7	-882.2
19.912	211.6	-882.6
19.945	201.9	-885.9
19.979	184.4	-889.8
20.012	160.1	-895.9
20.045	129.0	-902.1
20.079	92.98	-908.9
20.112	53.40	-913.7
20.146	10.14	-917.9
20.179	-34.92	-919.9
20.212	-80.22	-919.2
20.246	-122.1	-917.0
20.279	-160.4	-913.7
20.312	-193.9	-910.0
20.346	-221.1	-905.2
20.379	-241.9	-901.1
20.412	-253.5	-898.7
20.446	-256.6	-897.8
20.479	-249.6	-899.8
20.512	-233.7	-903.9
20.546	-209.7	-908.8
20.579	-180.6	-912.9
20.612	-145.1	-917.2
20.646	-102.9	-920.9
20.679	-59.75	-921.9
20.713	-14.77	-921.9
20.746	30.61	-919.8
20.779	71.69	-914.7
20.813	109.2	-908.9
20.846	143.9	-903.0
20.879	170.9	-896.2
20.913	193.2	-890.9
20.946	207.4	-886.7
20.979	215.1	-884.8
21.013	214.9	-884.9
21.046	207.9	-886.9
21.079	193.3	-890.9
21.113	170.6	-895.9
21.146	142.1	-902.0
21.180	107.0	-908.2
21.213	67.25	-913.1
21.246	25.24	-917.0
21.280	-18.16	-920.1
21.313	-63.69	-919.9
21.346	-107.5	-917.8
21.380	-147.9	-915.1
21.413	-183.8	-910.9
21.446	-212.7	-906.9
21.480	-235.9	-902.0
21.513	-249.9	-900.0
21.546	-255.1	-899.2
21.580	-251.5	-899.7
21.613	-240.5	-901.8
21.646	-219.1	-907.2
21.680	-190.9	-911.8
21.713	-157.0	-916.0
21.747	-117.3	-919.8
21.780	-75.50	-921.8
21.813	-31.39	-921.8
21.847	12.46	-920.0
21.880	55.60	-915.9
21.913	94.31	-909.9
21.947	130.0	-904.3
21.980	159.5	-896.9
22.013	183.9	-892.0
22.047	200.5	-886.7
22.080	209.7	-883.6
22.113	211.3	-882.9
22.147	206.4	-883.9
22.180	195.0	-887.9
22.213	174.6	-891.7
22.247	148.3	-897.9
22.280	115.3	-903.9
22.314	78.84	-910.1
22.347	37.48	-914.0
22.380	-5.071	-918.3
22.414	-50.07	-919.1
22.447	-92.80	-918.9
22.480	-134.8	-915.9
22.514	-172.5	-911.8
22.547	-204.0	-908.0
22.580	-229.9	-903.0
22.614	-246.7	-899.9
22.647	-255.7	-897.9
22.680	-255.6	-897.8
22.714	-245.5	-900.7
22.747	-227.6	-904.8
22.780	-202.7	-908.9
22.814	-171.8	-913.1
22.847	-133.1	-918.1
22.881	-92.95	-920.1
22.914	-48.92	-921.1
22.947	-3.955	-919.9
22.981	39.37	-916.9
23.014	80.38	-912.8
23.047	117.5	-906.9
23.081	148.8	-899.3
23.114	175.1	-893.9
23.147	193.1	-888.2
23.181	205.0	-884.3
23.214	209.6	-881.8
23.247	207.4	-882.7
23.281	198.3	-885.7
23.314	180.9	-890.1
23.347	157.7	-895.6
23.381	127.4	-901.9
23.414	92.00	-908.3
23.448	52.87	-913.1
23.481	10.39	-916.7
23.514	-34.03	-919.0
23.548	-78.90	-918.1
23.581	-121.5	-915.8
23.614	-160.5	-912.6
23.648	-195.1	-908.3
23.681	-221.6	-903.7
23.714	-242.0	-900.1
23.748	-252.9	-898.0
23.781	-255.0	-898.1
23.814	-248.0	-900.1
23.848	-233.2	-903.2
23.881	-209.7	-907.8
23.914	-179.9	-912.9
23.948	-145.7	-916.0
23.981	-106.1	-919.2
24.015	-62.94	-921.0
24.048	-19.56	-920.0
24.081	25.17	-918.1
24.115	66.51	-913.6
24.148	103.9	-908.1
24.181	138.4	-901.8
24.215	165.9	-895.9
24.248	187.2	-890.1
24.281	201.7	-885.8
24.315	209.1	-883.9
24.348	209.4	-883.8
24.381	201.3	-885.0
24.415	187.0	-889.1
24.448	167.3	-894.7
24.482	140.1	-901.0
24.515	106.1	-907.1
24.548	69.06	-913.0
24.582	26.97	-917.2
24.615	-17.45	-918.8
24.648	-61.53	-919.8
24.682	-105.6	-917.9
24.715	-146.4	-914.9
24.748	-180.8	-911.8
24.782	-210.1	-908.1
24.815	-233.9	-903.1
24.848	-247.0	-901.1
24.882	-250.9	-900.9
24.915	-248.6	-900.8
24.948	-235.9	-904.0
24.982	-214.0	-909.0
25.015	-187.0	-913.0
25.049	-153.8	-916.9
25.082	-115.8	-920.0
25.115	-74.60	-921.9
25.149	-31.67	-921.9
25.182	12.38	-920.7
25.215	54.18	-916.1
25.249	91.98	-911.0
25.282	127.5	-904.6
25.315	156.2	-898.1
25.349	181.0	-893.0
25.382	197.5	-888.0
25.415	206.7	-884.8
25.449	209.1	-884.0
25.482	204.7	-884.7
25.515	192.7	-887.9
25.549	173.9	-893.2
25.582	147.6	-897.8
25.616	115.0	-903.3
25.649	79.79	-910.1
25.682	40.05	-915.0
25.716	-3.015	-919.1
25.749	-49.35	-918.7
25.782	-93.56	-917.9
25.816	-134.1	-916.0
25.849	-171.5	-912.0
25.882	-201.1	-909.2
25.916	-227.2	-904.2
25.949	-243.4	-900.7
25.982	-252.5	-898.8
26.016	-252.4	-898.7
26.049	-242.2	-902.2
26.082	-223.2	-906.2
26.116	-198.8	-909.9
26.149	-164.8	-915.9
26.183	-130.8	-918.1
26.216	-88.89	-921.0
26.249	-46.42	-921.7
26.283	-2.640	-920.8
26.316	39.50	-917.8
26.349	79.04	-913.0
26.383	116.1	-907.9
26.416	147.7	-901.1
26.449	172.8	-895.1
26.483	190.8	-889.4
26.516	203.8	-886.1
26.549	208.5	-883.9
26.583	207.0	-884.9
26.616	197.1	-887.1
26.649	181.2	-891.0
26.683	158.1	-896.8
26.716	128.5	-902.9
26.750	93.54	-908.7
26.783	54.35	-914.0
26.816	11.69	-917.8
26.850	-32.49	-919.9
26.883	-76.83	-920.0
26.916	-119.1	-918.1
26.950	-156.5	-914.8
26.983	-190.9	-910.8
27.016	-216.5	-906.7
27.050	-237.1	-903.2
27.083	-248.4	-900.6
27.116	-250.4	-900.6
27.150	-244.6	-901.8
27.183	-229.6	-904.9
27.216	-205.5	-909.8
27.250	-176.9	-914.1
27.283	-141.8	-918.0
27.317	-102.0	-921.0
27.350	-59.28	-923.1
27.383	-16.04	-922.1
27.417	26.18	-919.1
27.450	66.20	-914.1
27.483	103.2	-909.0
27.517	136.0	-902.1
27.550	162.9	-896.0
27.583	184.7	-890.6
27.617	198.6	-886.8
27.650	206.2	-884.9
27.683	206.7	-884.5
27.717	200.0	-886.9
27.750	185.3	-889.9
27.784	163.8	-895.2
27.817	137.3	-901.0
27.850	104.6	-907.8
27.884	68.09	-913.8
27.917	26.30	-918.0
27.950	-18.05	-920.2
27.984	-63.04	-920.2
28.017	-104.9	-918.9
28.050	-144.9	-916.0
28.084	-178.8	-912.9
28.117	-208.9	-908.0
28.150	-230.0	-905.0
28.184	-243.8	-902.0
28.217	-247.9	-902.0
28.250	-245.5	-901.8
28.284	-234.6	-903.9
28.317	-213.6	-907.8
28.351	-187.5	-911.8
28.384	-154.0	-916.1
28.417	-114.7	-919.8
28.451	-73.47	-921.8
28.484	-32.09	-921.2
28.517	12.05	-920.1
28.551	52.78	-915.1
28.584	90.65	-909.8
28.617	126.2	-904.8
28.651	154.0	-898.1
28.684	178.0	-893.0
28.717	193.9	-888.2
28.751	204.4	-885.7
28.784	206.9	-884.9
28.817	202.3	-885.9
28.851	190.8	-889.2
28.884	172.2	-893.9
28.918	146.5	-898.9
28.951	117.6	-906.8
28.984	79.28	-910.9
29.018	39.55	-915.7
29.051	-2.767	-919.8
29.084	-48.31	-919.6
29.118	-90.47	-919.7
29.151	-130.7	-917.8
29.184	-167.9	-914.0
29.218	-198.4	-909.7
29.251	-222.7	-905.9
29.284	-240.7	-901.9
29.318	-249.6	-899.9
29.351	-249.5	-899.7
29.384	-240.3	-901.6
29.418	-221.7	-905.9
29.451	-197.9	-910.0
29.485	-165.1	-915.0
29.518	-129.5	-917.8
29.551	-89.34	-919.7
29.585	-46.80	-921.0
29.618	-2.988	-919.9
29.651	38.37	-916.8
29.685	78.80	-913.2
29.718	114.2	-907.0
29.751	144.5	-899.9
29.785	169.0	-894.1
29.818	187.5	-888.7
29.851	198.4	-885.0
29.885	203.9	-884.0
29.918	202.2	-884.9
29.951	192.5	-886.8
29.985	175.8	-891.3
30.018	152.8	-896.4
30.052	124.2	-902.9
30.085	89.16	-908.9
30.118	51.28	-913.9
30.152	9.653	-917.8
30.185	-33.55	-919.8
30.218	-78.12	-919.1
30.252	-119.0	-917.0
30.285	-157.2	-913.2
30.318	-189.5	-909.8
30.352	-214.2	-907.3
30.385	-234.7	-902.9
30.418	-246.2	-901.2
30.452	-247.9	-901.0
30.485	-242.2	-902.3
30.518	-225.9	-905.9
30.552	-205.4	-908.7
30.585	-176.5	-912.8
30.619	-141.6	-916.9
30.652	-102.2	-920.2
30.685	-59.63	-921.8
30.719	-16.99	-921.0
30.752	26.52	-918.9
30.785	65.93	-914.2
30.819	102.5	-908.6
30.852	134.4	-902.1
30.885	161.3	-895.8
30.919	182.3	-890.8
30.952	196.0	-887.0
30.985	203.4	-884.9
31.019	203.5	-884.8
31.052	196.8	-887.1
31.086	181.9	-890.2
31.119	161.2	-895.2
31.152	134.7	-900.6
31.186	101.2	-907.1
31.219	64.18	-912.1
31.252	23.33	-916.0
31.286	-18.73	-918.9
31.319	-61.72	-919.8
31.352	-104.3	-918.3
31.386	-143.3	-914.8
31.419	-177.7	-911.9
31.452	-206.7	-908.0
31.486	-228.3	-903.5
31.519	-242.8	-901.9
31.552	-248.3	-900.5
31.586	-244.9	-902.0
31.619	-233.0	-904.0
31.653	-213.2	-908.2
31.686	-189.0	-910.2
31.719	-154.0	-916.0
31.753	-116.8	-918.9
31.786	-76.06	-921.1
31.819	-33.50	-920.7
31.853	9.576	-919.8
31.886	49.59	-914.8
31.919	87.50	-909.9
31.953	122.9	-904.9
31.986	152.1	-898.9
32.019	174.4	-893.0
32.053	191.0	-888.9
32.086	200.1	-886.0
32.119	202.4	-884.9
32.153	197.6	-885.8
32.186	186.0	-889.2
32.220	168.4	-893.8
32.253	143.0	-899.2
32.286	114.6	-906.7
32.320	77.13	-911.0
32.353	37.37	-915.0
32.386	-4.276	-919.1
32.420	-47.59	-919.8
32.453	-89.85	-919.1
32.486	-129.8	-916.9
32.520	-166.8	-913.1
32.553	-196.4	-909.5
32.586	-221.0	-906.1
32.620	-237.0	-903.2
32.653	-245.1	-902.2
32.686	-244.8	-902.0
32.720	-235.5	-903.7
32.753	-216.9	-908.0
32.787	-194.5	-910.7
32.820	-162.5	-915.7
32.853	-129.1	-918.2
32.887	-89.71	-920.0
32.920	-47.66	-920.9
32.953	-4.511	-919.9
32.987	36.90	-917.1
33.020	75.32	-911.9
33.053	111.3	-906.9
33.087	140.7	-899.8
33.120	165.3	-893.9
33.153	183.9	-889.3
33.187	196.0	-886.0
33.220	200.1	-884.2
33.253	197.8	-884.4
33.287	189.4	-886.8
33.320	173.2	-891.0
33.354	150.5	-895.8
33.387	122.3	-902.1
33.420	88.09	-908.0
33.454	50.53	-912.7
33.487	9.975	-917.2
33.520	-32.76	-918.9
33.554	-75.89	-919.0
33.587	-116.8	-916.9
33.620	-155.8	-913.0
33.654	-186.8	-910.8
33.687	-211.3	-907.7
33.720	-232.9	-903.1
33.754	-243.7	-900.9
33.787	-245.7	-900.8
33.820	-239.2	-902.3
33.854	-223.7	-905.9
33.887	-204.0	-908.1
33.921	-174.3	-912.6
33.954	-141.5	-915.8
33.987	-101.6	-919.8
34.021	-61.72	-920.0
34.054	-19.88	-920.2
34.087	22.42	-917.9
34.121	61.56	-912.9
34.154	97.60	-907.9
34.187	130.4	-901.9
34.221	157.0	-896.0
34.254	177.9	-891.2
34.287	191.8	-887.2
34.321	199.3	-884.9
34.354	199.6	-884.6
34.388	193.2	-886.9
34.421	178.8	-890.3
34.454	158.8	-895.4
34.488	132.6	-900.9
34.521	100.2	-907.1
34.554	64.45	-912.7
34.588	24.38	-916.8
34.621	-18.55	-919.0
34.654	-61.29	-919.6
34.688	-104.1	-918.1
34.721	-141.9	-915.9
34.754	-176.5	-911.9
34.788	-205.4	-907.9
34.821	-226.2	-905.2
34.854	-239.8	-901.9
34.888	-245.0	-901.1
34.921	-241.2	-902.2
34.955	-227.6	-904.8
34.988	-209.6	-907.9
35.021	-182.7	-911.9
35.055	-150.5	-915.8
35.088	-114.2	-919.1
35.121	-73.66	-920.8
35.155	-32.15	-921.1
35.188	9.447	-918.9
35.221	49.57	-914.8
35.255	85.97	-910.0
35.288	121.2	-905.1
35.321	148.5	-898.0
35.355	171.1	-892.9
35.388	188.2	-888.9
35.421	197.0	-886.1
35.455	199.5	-884.8
35.488	195.0	-886.1
35.522	183.9	-889.1
35.555	166.7	-893.7
35.588	141.5	-898.7
35.622	111.8	-906.3
35.655	75.10	-910.2
35.688	37.16	-914.9
35.722	-4.215	-919.0
35.755	-45.93	-921.0
35.788	-87.18	-921.1
35.822	-128.9	-917.1
35.855	-163.0	-915.0
35.888	-192.9	-911.1
35.922	-215.9	-908.0
35.955	-231.9	-905.0
35.988	-239.0	-904.1
36.022	-238.1	-904.1
36.055	-228.9	-906.0
36.089	-209.8	-909.9
36.122	-184.8	-914.0
36.155	-155.3	-917.2
36.189	-118.6	-920.8
36.222	-79.69	-922.9
36.255	-40.19	-923.1
36.289	2.356	-921.8
36.322	41.71	-918.2
36.355	78.27	-913.0
36.389	113.0	-908.1
36.422	143.3	-901.9
36.455	166.9	-896.2
36.489	184.6	-890.9
36.522	196.6	-887.8
36.555	201.4	-886.8
36.589	198.6	-886.9
36.622	189.1	-889.1
36.656	174.7	-893.6
36.689	152.3	-898.9
36.722	123.1	-904.9
36.756	88.47	-910.0
36.789	51.18	-914.9
36.822	10.50	-919.0
36.856	-31.71	-920.9
36.889	-74.31	-920.7
36.922	-115.1	-919.1
36.956	-151.9	-916.1
36.989	-184.7	-911.9
37.022	-208.7	-908.9
37.056	-226.9	-906.0
37.089	-235.9	-905.0
37.122	-238.8	-904.0
37.156	-232.8	-905.0
37.189	-217.7	-907.9
37.223	-195.0	-912.1
37.256	-166.2	-916.1
37.289	-131.0	-920.0
37.323	-93.90	-922.0
37.356	-55.01	-922.1
37.389	-12.12	-921.9
37.423	29.52	-919.7
37.456	67.04	-915.1
37.489	102.6	-909.7
37.523	133.6	-903.8
37.556	159.4	-897.9
37.589	178.6	-892.8
37.623	191.8	-889.3
37.656	198.6	-886.9
37.690	198.7	-886.8
37.723	192.1	-888.9
37.756	178.2	-891.9
37.790	157.9	-897.2
37.823	132.3	-902.8
37.856	99.70	-908.7
37.890	64.00	-914.9
37.923	24.27	-919.0
37.956	-18.64	-919.9
37.990	-61.10	-921.1
38.023	-99.84	-920.9
38.056	-139.9	-917.0
38.090	-174.8	-913.0
38.123	-202.4	-908.8
38.156	-220.8	-907.0
38.190	-233.9	-905.0
38.223	-238.8	-904.0
38.257	-234.7	-904.9
38.290	-223.1	-907.2
38.323	-202.8	-910.9
38.357	-178.0	-914.1
38.390	-144.6	-917.8
38.423	-107.8	-920.9
38.457	-68.84	-921.9
38.490	-27.54	-921.8
38.523	13.18	-920.1
38.557	52.28	-915.9
38.590	89.19	-910.9
38.623	122.6	-905.8
38.657	150.3	-899.8
38.690	172.5	-894.7
38.723	187.8	-891.0
38.757	197.4	-888.7
38.790	199.5	-887.9
38.824	194.7	-888.8
38.857	183.0	-892.0
38.890	166.2	-896.9
38.924	140.7	-902.1
38.957	111.0	-908.3
38.990	75.70	-912.8
39.024	38.77	-919.2
39.057	-5.221	-920.2
39.090	-47.09	-921.0
39.124	-86.92	-921.0
39.157	-125.7	-918.9
39.190	-162.1	-915.2
39.224	-191.5	-910.9
39.257	-214.1	-908.1
39.290	-228.7	-905.9
39.324	-238.8	-903.0
39.357	-236.9	-904.0
39.391	-228.7	-904.9
39.424	-211.4	-907.7
39.457	-187.7	-911.8
39.491	-158.8	-915.0
39.524	-121.9	-918.9
39.557	-84.30	-919.6
39.591	-43.60	-921.0
39.624	-1.568	-920.0
39.657	37.23	-916.1
39.691	74.48	-910.9
39.724	109.9	-907.2
39.757	139.6	-900.7
39.791	162.3	-895.1
39.824	180.6	-890.6
39.857	191.6	-887.6
39.891	196.2	-886.8
39.924	194.3	-887.7
39.958	184.6	-889.7
39.991	169.5	-894.6
40.024	147.4	-899.8
40.058	118.1	-905.2
40.091	84.66	-909.6
40.124	47.04	-915.0
40.158	6.773	-919.1
40.191	-35.18	-920.2
40.224	-76.13	-920.0
40.258	-116.4	-917.7
40.291	-152.0	-915.0
40.324	-184.6	-910.8
40.358	-209.0	-908.1
40.391	-226.7	-904.8
40.424	-237.4	-902.6
40.458	-239.3	-902.6
40.491	-233.4	-903.7
40.525	-218.8	-906.9
40.558	-196.1	-911.0
40.591	-167.8	-914.9
40.625	-134.6	-917.8
40.658	-96.18	-921.1
40.691	-56.51	-921.7
40.725	-15.55	-920.8
40.758	25.65	-918.6
40.791	64.62	-914.6
40.825	99.66	-909.7
40.858	130.8	-904.2
40.891	157.2	-898.9
40.925	176.4	-893.9
40.958	188.8	-890.2
40.992	195.3	-888.1
41.025	195.0	-888.1
41.058	188.6	-889.7
41.092	175.2	-893.9
41.125	154.1	-898.0
41.158	128.4	-903.8
41.192	97.12	-909.8
41.225	61.76	-915.1
41.258	22.12	-919.0
41.292	-18.74	-920.9
41.325	-59.87	-921.9
41.358	-100.9	-920.1
41.392	-139.0	-917.1
41.425	-171.8	-912.9
41.458	-199.5	-909.7
41.492	-219.4	-906.7
41.525	-233.5	-903.8
41.559	-238.7	-903.0
41.592	-234.9	-904.0
41.625	-222.8	-906.0
41.659	-204.5	-908.7
41.692	-179.6	-911.9
41.725	-147.3	-916.2
41.759	-111.2	-918.3
41.792	-72.39	-919.8
41.825	-31.79	-919.9
41.859	10.26	-919.0
41.892	49.37	-914.9
41.925	85.48	-909.8
41.959	120.3	-905.8
41.992	146.3	-898.9
42.025	167.4	-894.1
42.059	182.9	-890.1
42.092	192.3	-887.8
42.126	193.5	-886.9
42.159	188.6	-887.8
42.192	177.5	-890.8
42.226	158.7	-894.7
42.259	134.9	-901.0
42.292	105.1	-906.9
42.326	70.97	-912.0
42.359	33.33	-916.1
42.392	-7.588	-918.9
42.426	-49.22	-920.2
42.459	-90.04	-919.1
42.492	-128.7	-916.0
42.526	-162.4	-913.7
42.559	-190.9	-910.8
42.592	-213.0	-908.0
42.626	-228.9	-905.0
42.659	-236.9	-903.0
42.693	-236.4	-902.6
42.726	-225.7	-905.9
42.759	-210.1	-908.2
42.793	-187.2	-911.1
42.826	-158.5	-912.9
42.859	-123.8	-916.8
42.893	-85.93	-918.9
42.926	-44.94	-920.1
42.959	-3.499	-918.8
42.993	35.61	-914.9
43.026	72.14	-910.1
43.059	107.5	-906.8
43.093	137.0	-901.0
43.126	160.5	-895.8
43.159	177.7	-890.8
43.193	188.1	-888.2
43.226	192.9	-887.1
43.260	190.7	-888.1
43.293	181.3	-889.9
43.326	165.1	-894.2
43.360	143.1	-899.2
43.393	116.6	-905.5
43.426	82.45	-909.7
43.460	46.20	-914.8
43.493	6.907	-919.1
43.526	-35.09	-920.2
43.560	-74.30	-920.6
43.593	-113.9	-919.0
43.626	-149.5	-915.7
43.660	-181.8	-911.8
43.693	-207.0	-908.2
43.727	-223.0	-906.1
43.760	-233.1	-904.2
43.793	-234.2	-904.2
43.827	-227.8	-905.0
43.860	-212.8	-907.9
43.893	-192.2	-911.1
43.927	-163.8	-914.9
43.960	-132.0	-917.1
43.993	-94.76	-919.9
44.027	-54.65	-920.8
44.060	-15.37	-919.7
44.093	26.42	-918.8
44.127	63.14	-914.0
44.160	96.88	-909.2
44.193	128.1	-903.0
44.227	153.9	-898.1
44.260	174.0	-894.0
44.294	187.0	-890.2
44.327	193.1	-888.2
44.360	193.1	-888.1
44.394	186.2	-889.9
44.427	172.1	-893.1
44.460	152.3	-897.8
44.494	125.5	-902.9
44.527	94.81	-908.9
44.560	60.13	-914.0
44.594	22.86	-919.0
44.627	-17.85	-920.9
44.660	-60.17	-921.1
44.694	-99.57	-919.8
44.727	-135.7	-917.8
44.760	-167.8	-914.9
44.794	-197.3	-909.7
44.827	-213.4	-908.8
44.861	-227.6	-905.8
44.894	-232.6	-904.8
44.927	-229.5	-904.8
44.961	-216.0	-908.1
44.994	-197.5	-910.7
45.027	-173.6	-912.9
45.061	-139.8	-917.9
45.094	-105.6	-919.8
45.127	-66.60	-921.8
45.161	-25.04	-922.0
45.194	13.53	-919.9
45.227	51.67	-915.9
45.261	86.24	-911.0
45.294	119.5	-906.8
45.327	145.1	-900.1
45.361	166.2	-895.0
45.394	181.1	-891.2
45.428	190.3	-888.9
45.461	191.7	-888.3
45.494	187.3	-889.0
45.528	175.6	-891.6
45.561	157.6	-895.8
45.594	133.4	-900.9
45.628	104.4	-906.8
45.661	69.41	-911.9
45.694	31.82	-917.1
45.728	-9.029	-919.2
45.761	-49.86	-920.8
45.794	-89.97	-920.0
45.828	-128.4	-916.7
45.861	-161.8	-914.1
45.894	-189.3	-910.6
45.928	-211.6	-907.8
45.961	-226.5	-904.7
45.995	-234.6	-902.7
46.028	-233.7	-902.8
46.061	-222.4	-905.6
46.095	-206.6	-907.9
46.128	-182.1	-912.1
46.161	-153.3	-914.7
46.195	-118.8	-918.0
46.228	-81.26	-920.2
46.261	-40.97	-921.0
46.295	-1.604	-919.0
46.328	37.77	-916.0
46.361	76.14	-912.9
46.395	108.7	-907.7
46.428	138.3	-902.7
46.461	159.4	-897.0
46.495	176.5	-892.8
46.528	187.2	-890.0
46.562	191.6	-888.7
46.595	189.3	-889.8
46.628	179.4	-891.8
46.662	163.5	-895.8
46.695	140.9	-901.2
46.728	114.4	-906.8
46.762	79.56	-910.9
46.795	44.08	-915.9
46.828	3.983	-919.9
46.862	-38.12	-920.1
46.895	-78.13	-920.2
46.928	-116.9	-918.0
46.962	-149.9	-916.0
46.995	-181.5	-911.8
47.029	-204.1	-909.1
47.062	-222.7	-904.9
47.095	-232.5	-902.7
47.129	-233.7	-902.8
47.162	-225.5	-904.7
47.195	-211.7	-907.0
47.229	-190.3	-910.3
47.262	-162.1	-914.1
47.295	-129.1	-917.1
47.329	-92.85	-919.0
47.362	-53.63	-919.9
47.395	-13.23	-920.2
47.429	28.09	-918.0
47.462	64.43	-913.7
47.495	96.19	-908.2
47.529	128.3	-903.7
47.562	152.1	-898.1
47.596	171.2	-894.0
47.629	183.9	-890.3
47.662	190.3	-888.8
47.696	189.8	-889.2
47.729	183.0	-890.9
47.762	168.9	-894.2
47.796	148.2	-898.1
47.829	122.5	-903.7
47.862	90.78	-909.3
47.896	55.55	-913.8
47.929	16.81	-918.3
47.962	-23.11	-920.0
47.996	-64.37	-919.7
48.029	-104.5	-917.7
48.062	-140.0	-915.9
48.096	-170.8	-912.9
48.129	-197.4	-908.7
48.163	-213.9	-907.9
48.196	-227.0	-905.1
48.229	-231.2	-904.2
48.263	-226.2	-905.2
48.296	-214.0	-907.1
48.329	-194.8	-909.9
48.363	-167.6	-913.8
48.396	-137.2	-917.1
48.429	-100.4	-919.7
48.463	-63.41	-920.8
48.496	-23.38	-920.7
48.529	15.53	-918.9
48.563	52.15	-915.0
48.596	88.48	-910.7
48.629	119.9	-906.1
48.663	145.3	-900.0
48.696	166.0	-895.9
48.730	180.7	-891.7
48.763	188.6	-889.8
48.796	189.4	-889.0
48.830	184.5	-889.8
48.863	173.0	-894.1
48.896	154.4	-898.0
48.930	130.4	-902.9
48.963	99.52	-908.0
48.996	66.08	-913.1
49.030	29.17	-917.9
49.063	-11.37	-919.6
49.096	-51.91	-921.0
49.130	-91.20	-920.1
49.163	-128.7	-916.9
49.196	-161.8	-913.9
49.230	-188.6	-910.9
49.263	-209.8	-907.9
49.297	-224.4	-904.7
49.330	-230.7	-903.9
49.363	-229.6	-903.8
49.397	-219.6	-905.8
49.430	-202.8	-909.0
49.463	-179.1	-912.2
49.497	-148.6	-915.8
49.530	-115.6	-917.9
49.563	-77.99	-920.0
49.597	-37.67	-920.9
49.630	1.949	-920.0
49.663	40.38	-916.8
49.697	76.73	-913.2
49.730	109.2	-907.9
49.763	137.3	-902.0
49.797	158.9	-897.2
49.830	175.3	-892.9
49.864	185.0	-890.2
49.897	188.3	-889.0
49.930	185.9	-890.1
49.964	177.2	-892.8
49.997	160.8	-897.0
50.030	139.4	-901.8
50.064	111.0	-908.1
50.097	79.28	-912.8
50.130	40.99	-916.0
50.164	2.046	-919.2
50.197	-38.81	-920.1
50.230	-77.81	-919.9
50.264	-115.8	-917.9
50.297	-148.9	-916.0
50.331	-179.4	-911.6
50.364	-201.9	-908.9
50.397	-219.0	-906.0
50.431	-228.0	-904.1
50.464	-228.8	-904.0
50.497	-222.0	-905.1
50.531	-206.9	-908.0
50.564	-184.8	-911.0
50.597	-157.0	-915.0
50.631	-124.5	-917.7
50.664	-88.45	-919.8
50.697	-49.31	-920.7
50.731	-8.670	-920.8
50.764	30.82	-919.1
50.797	65.73	-914.2
50.831	99.28	-908.9
50.864	128.8	-904.1
50.898	153.1	-899.1
50.931	171.4	-894.8
50.964	183.9	-892.0
50.998	190.0	-891.0
51.031	189.0	-891.1
51.064	181.5	-892.8
51.098	166.4	-896.0
51.131	146.4	-900.8
51.164	121.1	-906.8
51.198	88.53	-910.7
51.231	53.68	-915.7
51.264	15.35	-919.0
51.298	-24.39	-920.7
51.331	-64.38	-920.8
51.364	-103.7	-918.9
51.398	-138.4	-916.7
51.431	-169.7	-912.9
51.465	-194.1	-911.1
51.498	-212.2	-908.2
51.531	-224.8	-905.0
51.565	-228.8	-904.0
51.598	-224.0	-905.1
51.631	-211.8	-907.0
51.665	-192.9	-910.0
51.698	-165.9	-914.0
51.731	-135.5	-916.7
51.765	-101.4	-918.8
51.798	-62.51	-920.7
51.831	-23.14	-921.1
51.865	16.05	-919.0
51.898	52.83	-915.2
51.931	86.82	-910.1
51.965	119.7	-907.1
51.998	145.5	-900.7
52.032	164.5	-896.0
52.065	178.9	-892.9
52.098	187.3	-890.8
52.132	188.3	-890.9
52.165	182.3	-892.0
52.198	170.4	-895.0
52.232	151.9	-899.2
52.265	127.9	-904.1
52.298	97.66	-908.9
52.332	63.36	-913.1
52.365	26.63	-916.9
52.398	-13.55	-919.1
52.432	-52.67	-919.8
52.465	-90.86	-919.9
52.498	-128.4	-915.7
52.532	-160.2	-914.1
52.565	-188.8	-909.1
52.599	-208.7	-906.9
52.632	-221.6	-904.8
52.665	-227.7	-903.9
52.699	-226.6	-903.8
52.732	-216.2	-906.2
52.765	-198.6	-908.8
52.799	-176.9	-911.2
52.832	-146.8	-915.0
52.865	-114.1	-917.3
52.899	-77.12	-919.2
52.932	-38.38	-918.9
52.965	1.466	-917.9
52.999	39.22	-915.0
53.032	76.41	-911.9
53.065	107.3	-906.9
53.099	134.2	-901.2
53.132	156.8	-897.1
53.166	173.0	-893.2
53.199	182.1	-890.2
53.232	185.0	-889.2
53.266	182.2	-889.9
53.299	173.1	-892.9
53.332	156.1	-896.1
53.366	134.4	-900.9
53.399	107.0	-907.1
53.432	75.14	-911.8
53.466	38.33	-915.1
53.499	0.153	-918.2
53.532	-40.23	-919.1
53.566	-79.05	-919.0
53.599	-116.1	-917.2
53.633	-148.6	-914.8
53.666	-178.6	-911.0
53.699	-201.1	-908.2
53.733	-215.9	-906.0
53.766	-224.9	-904.0
53.799	-225.2	-904.2
53.833	-217.0	-906.0
53.866	-203.0	-908.0
53.899	-181.6	-910.8
53.933	-154.7	-913.9
53.966	-123.2	-917.2
53.999	-87.19	-919.3
54.033	-49.54	-918.9
54.066	-10.60	-919.0
54.099	28.44	-916.8
54.133	64.58	-912.7
54.166	97.54	-908.7
54.200	125.9	-903.1
54.233	149.4	-897.9
54.266	167.5	-893.9
54.300	179.3	-890.8
54.333	184.4	-889.8
54.366	183.3	-889.9
54.400	176.6	-892.7
54.433	162.1	-896.0
54.466	142.5	-900.7
54.500	117.0	-907.0
54.533	84.23	-910.0
54.566	50.71	-914.5
54.600	13.18	-918.8
54.633	-27.30	-919.7
54.666	-66.98	-920.1
54.700	-105.4	-917.9
54.733	-139.9	-916.0
54.767	-169.5	-912.7
54.800	-194.2	-910.2
54.833	-211.7	-906.8
54.867	-222.7	-904.9
54.900	-226.0	-904.1
54.933	-220.9	-905.0
54.967	-208.6	-906.9
55.000	-187.6	-910.8
