	mass A		
t	x	y	
0.000	-156.8	-498.6
0.033	-154.3	-499.5
0.067	-146.9	-501.7
0.100	-130.4	-506.5
0.133	-111.2	-511.7
0.167	-84.68	-516.6
0.200	-53.57	-521.5
0.233	-22.20	-523.8
0.267	19.02	-523.8
0.300	51.08	-521.6
0.334	85.21	-516.5
0.367	116.3	-510.6
0.400	141.6	-503.8
0.434	185.1	-487.4
0.467	199.1	-482.4
0.500	205.4	-479.8
0.534	204.4	-480.5
0.567	195.2	-485.0
0.600	178.1	-491.7
0.634	153.5	-500.8
0.667	121.3	-509.5
0.700	87.34	-516.9
0.734	49.16	-521.7
0.767	12.13	-523.4
0.800	-24.68	-522.6
0.834	-59.82	-518.8
0.867	-88.17	-513.7
0.901	-111.1	-508.6
0.934	-128.3	-503.6
0.967	-137.4	-500.9
1.001	-138.9	-500.8
1.034	-134.0	-502.8
1.067	-121.7	-506.5
1.101	-104.9	-511.6
1.134	-82.96	-516.5
1.167	-57.34	-520.7
1.201	-28.11	-523.5
1.234	3.642	-524.5
1.267	31.98	-524.0
1.301	71.26	-519.8
1.334	80.22	-519.6
1.367	109.9	-513.6
1.401	138.6	-506.8
1.434	190.6	-492.8
1.468	204.0	-487.7
1.501	172.3	-497.4
1.534	169.4	-499.5
1.568	160.9	-502.5
1.601	173.5	-495.9
1.634	119.2	-512.8
1.668	87.76	-518.5
1.701	85.70	-518.2
1.734	47.77	-524.3
1.768	9.407	-527.4
1.801	-24.37	-527.6
1.834	-54.96	-525.3
1.868	-83.00	-520.7
1.901	-106.9	-514.8
1.934	-124.9	-508.9
1.968	-135.6	-505.0
2.001	-137.6	-503.4
2.035	-133.7	-504.7
2.068	-122.1	-508.6
2.101	-105.1	-513.8
2.135	-81.76	-519.5
2.168	-55.36	-524.2
2.201	-26.39	-527.7
2.235	4.681	-528.8
2.268	37.90	-527.0
2.301	71.97	-522.8
2.335	80.55	-522.9
2.368	109.3	-516.6
2.401	135.3	-509.8
2.435	154.5	-503.9
2.468	170.6	-498.6
2.501	178.0	-496.8
2.535	177.7	-497.9
2.568	167.3	-501.7
2.602	152.8	-506.7
2.635	127.0	-513.7
2.668	97.00	-519.6
2.702	61.58	-524.6
2.735	23.18	-527.4
2.768	-10.89	-527.6
2.802	-40.43	-525.9
2.835	-69.90	-522.7
2.868	-96.69	-518.6
2.902	-120.4	-513.5
2.935	-135.0	-510.6
2.968	-146.2	-507.7
3.002	-149.8	-506.6
3.035	-149.8	-506.6
3.069	-142.7	-508.6
3.102	-131.5	-511.6
3.135	-110.2	-516.7
3.169	-83.36	-521.5
3.202	-48.62	-525.5
3.235	-18.29	-527.7
3.269	16.08	-527.6
3.302	47.67	-525.6
3.335	78.88	-521.8
3.369	110.8	-515.8
3.402	135.8	-509.5
3.435	156.4	-503.8
3.469	168.9	-499.5
3.502	175.3	-497.5
3.535	175.8	-497.7
3.569	168.0	-500.7
3.602	154.7	-505.7
3.636	130.6	-512.7
3.669	102.0	-519.5
3.702	69.46	-525.6
3.736	31.20	-529.5
3.769	-9.373	-530.9
3.802	-41.85	-529.5
3.836	-75.51	-525.6
3.869	-103.0	-520.6
3.902	-123.1	-515.7
3.936	-139.8	-510.6
3.969	-148.3	-507.5
4.002	-153.8	-505.6
4.036	-149.9	-506.6
4.069	-143.6	-508.6
4.102	-129.8	-512.6
4.136	-110.9	-517.6
4.169	-87.34	-522.6
4.203	-56.03	-527.5
4.236	-26.80	-530.0
4.269	8.048	-530.5
4.303	43.96	-528.7
4.336	78.07	-524.7
4.369	109.7	-518.6
4.403	138.1	-511.7
4.436	157.9	-505.7
4.469	169.3	-501.5
4.503	173.9	-499.4
4.536	173.3	-499.6
4.569	163.2	-502.5
4.603	178.7	-498.7
4.636	155.5	-506.8
4.669	126.1	-514.5
4.703	94.04	-521.0
4.736	59.20	-525.8
4.770	23.31	-527.9
4.803	-10.53	-527.4
4.836	-43.61	-525.0
4.870	-71.88	-520.5
4.903	-94.51	-515.5
4.936	-112.6	-510.7
4.970	-123.0	-507.4
5.003	-128.3	-505.5
5.036	-128.5	-505.6
5.070	-122.3	-507.7
5.103	-108.5	-511.5
5.136	-89.80	-516.4
5.170	-65.00	-521.2
5.203	-36.46	-525.7
5.236	-4.351	-528.1
5.270	29.43	-528.7
5.303	64.14	-526.2
5.337	97.89	-521.5
5.370	103.2	-519.7
5.403	130.4	-512.8
5.437	148.7	-506.5
5.470	162.7	-501.7
5.503	167.4	-499.5
5.537	166.3	-499.6
5.570	193.0	-491.8
5.603	177.1	-497.0
5.637	154.0	-504.4
5.670	96.23	-519.6
5.703	67.58	-524.8
5.737	35.55	-528.6
5.770	-2.902	-530.6
5.803	-37.09	-529.7
5.837	-68.01	-526.6
5.870	-95.57	-521.6
5.904	-112.6	-517.6
5.937	-129.0	-512.7
5.970	-139.6	-508.6
6.004	-145.7	-505.6
6.037	-143.6	-505.5
6.070	-137.9	-506.7
6.104	-123.1	-510.7
6.137	-106.3	-514.7
6.170	-83.46	-519.6
6.204	-55.74	-524.3
6.237	-25.21	-527.7
6.270	10.16	-528.7
6.304	44.78	-527.6
6.337	77.04	-524.5
6.370	106.2	-519.7
6.404	131.7	-513.7
6.437	152.2	-507.5
6.471	166.4	-502.7
6.504	173.4	-499.6
6.537	174.0	-498.7
6.571	166.0	-500.6
6.604	180.6	-497.8
6.637	158.1	-504.6
6.671	129.0	-512.8
6.704	97.98	-518.7
6.737	63.74	-523.2
6.771	28.79	-526.0
6.804	-5.601	-525.8
6.837	-38.48	-523.4
6.871	-66.85	-519.7
6.904	-90.32	-515.4
6.937	-108.9	-511.2
6.971	-120.9	-508.4
7.004	-127.3	-506.9
7.038	-127.5	-507.2
7.071	-122.0	-509.8
7.104	-109.5	-513.6
7.138	-91.09	-518.3
7.171	-67.35	-522.8
7.204	-39.88	-526.7
7.238	-9.372	-528.9
7.271	23.95	-528.6
7.304	59.41	-526.0
7.338	93.99	-520.9
7.371	126.1	-513.9
7.404	153.6	-506.4
7.438	176.7	-498.6
7.471	192.9	-492.8
7.504	201.3	-489.3
7.538	201.9	-489.2
7.571	194.9	-492.0
7.605	180.2	-497.2
7.638	159.3	-504.6
7.671	131.4	-512.6
7.705	100.2	-519.2
7.738	66.08	-524.5
7.771	31.25	-527.4
7.805	-2.434	-527.9
7.838	-34.50	-525.7
7.871	-62.55	-522.2
7.905	-85.64	-518.4
7.938	-104.1	-514.4
7.971	-116.5	-511.3
8.005	-123.8	-509.6
8.038	-124.4	-509.5
8.072	-118.5	-511.3
8.105	-107.7	-514.7
8.138	-90.60	-518.6
8.172	-68.96	-522.8
8.205	-41.30	-526.6
8.238	-10.19	-528.6
8.272	22.81	-528.6
8.305	57.13	-526.4
8.338	90.83	-521.6
8.372	122.4	-515.6
8.405	149.5	-508.4
8.438	173.1	-500.7
8.472	189.3	-494.8
8.505	197.3	-491.3
8.538	197.9	-490.8
8.572	190.6	-493.5
8.605	176.1	-498.6
8.639	154.8	-505.6
8.672	127.0	-513.4
8.705	96.38	-519.7
8.739	61.66	-524.5
8.772	27.39	-526.7
8.805	-7.139	-526.5
8.839	-38.26	-524.5
8.872	-67.06	-520.7
8.905	-89.66	-516.2
8.939	-107.5	-512.3
8.972	-120.0	-509.5
9.005	-127.4	-507.6
9.039	-128.6	-507.8
9.072	-123.4	-509.6
9.105	-111.1	-513.5
9.139	-93.00	-518.3
9.172	-72.04	-522.9
9.206	-44.26	-526.7
9.239	-13.28	-529.0
9.272	20.90	-528.9
9.306	54.89	-526.7
9.339	88.02	-522.3
9.372	94.21	-520.8
9.406	119.6	-515.7
9.439	143.4	-509.8
9.472	157.4	-505.8
9.506	164.0	-503.5
9.539	164.3	-503.6
9.572	160.8	-504.6
9.606	150.0	-507.8
9.639	128.2	-513.6
9.672	103.0	-518.6
9.706	72.84	-523.6
9.739	41.59	-526.9
9.773	7.969	-527.8
9.806	-21.63	-526.7
9.839	-49.05	-524.4
9.873	-76.92	-520.7
9.906	-99.84	-516.5
9.939	-120.9	-511.7
9.973	-133.3	-508.7
10.006	-141.3	-506.5
10.039	-143.4	-506.5
10.073	-139.0	-508.7
10.106	-127.1	-512.7
10.139	-112.2	-516.8
10.173	-90.69	-521.6
10.206	-65.92	-525.7
10.239	-37.10	-528.6
10.273	-6.336	-529.7
10.306	26.95	-528.8
10.340	60.37	-525.7
10.373	93.10	-520.8
10.406	121.7	-514.7
10.440	142.0	-509.7
10.473	155.9	-505.5
10.506	165.5	-502.9
10.540	166.1	-502.5
10.573	160.8	-504.4
10.606	150.2	-507.7
10.640	128.9	-513.5
10.673	106.3	-518.7
10.706	76.07	-523.7
10.740	46.51	-526.8
10.773	11.37	-528.5
10.806	-20.93	-527.6
10.840	-50.06	-525.3
10.873	-77.24	-521.6
10.907	-102.7	-516.7
10.940	-123.2	-511.8
10.973	-137.5	-507.7
11.007	-144.5	-505.5
11.040	-148.5	-504.7
11.073	-143.1	-506.6
11.107	-133.1	-509.8
11.140	-114.0	-514.6
11.173	-91.96	-519.4
11.207	-65.51	-523.7
11.240	-36.89	-526.7
11.273	-4.832	-528.1
11.307	27.75	-527.0
11.340	60.50	-524.0
11.373	90.25	-519.4
11.407	116.6	-514.6
11.440	140.1	-508.9
11.474	155.2	-504.7
11.507	165.0	-501.8
11.540	166.4	-501.5
11.574	162.9	-502.8
11.607	151.8	-506.5
11.640	133.9	-511.6
11.674	108.9	-517.5
11.707	81.73	-522.6
11.740	50.13	-526.5
11.774	17.66	-528.6
11.807	-15.78	-528.5
11.840	-46.68	-526.5
11.874	-77.00	-522.8
11.907	-104.7	-517.8
11.940	-122.5	-513.5
11.974	-138.7	-509.6
12.007	-146.8	-507.6
12.041	-147.9	-507.6
12.074	-146.7	-508.7
12.107	-138.0	-511.7
12.141	-120.0	-516.6
12.174	-98.16	-521.6
12.207	-74.09	-525.7
12.241	-45.95	-528.7
12.274	-11.34	-530.3
12.307	23.27	-529.6
12.341	58.68	-526.6
12.374	91.89	-521.6
12.407	121.0	-515.7
12.441	144.2	-509.7
12.474	157.3	-505.6
12.507	166.3	-502.6
12.541	168.8	-501.6
12.574	165.4	-502.8
12.608	155.3	-505.8
12.641	137.5	-510.7
12.674	117.0	-515.6
12.708	92.08	-520.7
12.741	61.68	-524.7
12.774	29.63	-526.8
12.808	-4.293	-526.9
12.841	-37.11	-524.9
12.874	-64.86	-521.4
12.908	-89.76	-517.3
12.941	-113.0	-512.7
12.974	-128.8	-508.8
13.008	-137.7	-506.4
13.041	-141.8	-505.9
13.075	-138.8	-507.2
13.108	-129.9	-510.6
13.141	-115.2	-514.7
13.175	-93.06	-519.6
13.208	-68.21	-523.7
13.241	-37.76	-527.2
13.275	-7.197	-529.3
13.308	28.30	-528.9
13.341	59.61	-526.5
13.375	94.42	-521.8
13.408	120.4	-516.7
13.441	142.1	-511.7
13.475	157.5	-507.7
13.508	164.9	-505.5
13.541	168.9	-504.6
13.575	166.4	-505.7
13.608	156.6	-508.8
13.642	138.8	-513.5
13.675	119.2	-518.6
13.708	94.12	-523.6
13.742	66.16	-527.6
13.775	32.87	-530.4
13.808	0.543	-531.2
13.842	-31.73	-529.9
13.875	-60.89	-526.7
13.908	-86.00	-522.6
13.942	-105.9	-518.5
13.975	-122.7	-514.7
14.008	-131.5	-512.4
14.042	-135.7	-511.7
14.075	-132.7	-512.6
14.108	-124.7	-514.8
14.142	-108.7	-518.5
14.175	-88.61	-522.5
14.209	-65.73	-525.7
14.242	-34.79	-528.6
14.275	-3.955	-529.6
14.309	27.09	-528.6
14.342	58.59	-525.7
14.375	91.40	-521.0
14.409	117.2	-515.4
14.442	141.8	-509.8
14.475	156.6	-505.6
14.509	166.3	-502.8
14.542	169.9	-501.7
14.575	167.5	-502.8
14.609	158.5	-505.9
14.642	141.4	-510.6
14.675	117.9	-516.4
14.709	91.65	-521.7
14.742	58.97	-526.2
14.776	26.27	-528.9
14.809	-3.283	-529.5
14.842	-32.25	-528.6
14.876	-62.29	-525.7
14.909	-88.46	-521.6
14.942	-109.6	-517.5
14.976	-127.2	-513.7
15.009	-136.6	-511.5
15.042	-141.3	-510.8
15.076	-138.7	-511.6
15.109	-131.4	-513.6
15.142	-116.0	-517.6
15.176	-96.45	-521.6
15.209	-71.45	-525.6
15.242	-42.06	-528.6
15.276	-13.81	-529.8
15.309	20.15	-529.4
15.343	58.21	-526.8
15.376	88.03	-522.7
15.409	115.3	-517.6
15.443	137.3	-512.7
15.476	152.8	-508.6
15.509	163.6	-505.8
15.543	167.1	-504.7
15.576	164.2	-505.8
15.609	154.5	-508.7
15.643	136.2	-513.6
15.676	115.2	-518.6
15.709	87.88	-523.6
15.743	57.47	-527.6
15.776	26.51	-529.6
15.809	-5.481	-529.7
15.843	-40.49	-527.8
15.876	-66.03	-524.5
15.910	-95.86	-519.8
15.943	-118.4	-514.7
15.976	-134.8	-510.7
16.010	-145.2	-507.8
16.043	-148.8	-506.6
16.076	-145.7	-507.6
16.110	-138.0	-509.9
16.143	-122.1	-513.6
16.176	-101.9	-517.9
16.210	-76.83	-521.8
16.243	-49.68	-524.9
16.276	-17.38	-526.5
16.310	13.96	-526.8
16.343	46.98	-524.8
16.376	77.66	-521.5
16.410	106.5	-516.6
16.443	129.8	-511.5
16.477	148.7	-506.9
16.510	156.4	-504.4
16.543	160.2	-503.4
16.577	157.4	-504.6
16.610	149.4	-506.8
16.643	134.7	-510.9
16.677	112.7	-515.8
16.710	86.43	-520.5
16.743	56.93	-524.4
16.777	24.71	-526.9
16.810	-4.674	-527.5
16.843	-37.87	-525.9
16.877	-66.85	-522.9
16.910	-93.33	-518.7
16.943	-114.2	-514.7
16.977	-131.6	-510.7
17.010	-143.3	-507.9
17.044	-147.6	-506.7
17.077	-145.4	-507.5
17.110	-138.3	-509.7
17.144	-122.8	-513.7
17.177	-100.4	-518.4
17.210	-74.92	-522.6
17.244	-45.47	-525.7
17.277	-12.49	-527.4
17.310	19.16	-527.2
17.344	50.77	-525.3
17.377	82.64	-521.7
17.410	110.9	-516.6
17.444	134.1	-511.6
17.477	149.9	-507.4
17.510	160.6	-504.7
17.544	163.8	-503.6
17.577	161.3	-504.5
17.611	152.3	-507.4
17.644	136.9	-511.6
17.677	116.6	-516.6
17.711	90.13	-521.5
17.744	62.10	-525.6
17.777	39.52	-527.8
17.811	6.771	-528.8
17.844	-26.18	-527.6
17.877	-57.64	-524.8
17.911	-85.65	-520.7
17.944	-107.6	-516.5
17.977	-125.5	-512.6
18.011	-137.3	-509.7
18.044	-142.4	-508.6
18.078	-141.5	-508.9
18.111	-134.2	-510.9
18.144	-118.3	-514.6
18.178	-97.39	-518.7
18.211	-70.27	-522.8
18.244	-39.10	-525.8
18.278	-4.808	-527.0
18.311	30.94	-525.9
18.344	66.44	-522.7
18.378	99.43	-517.8
18.411	128.0	-511.8
18.444	151.5	-505.6
18.478	137.5	-509.7
18.511	148.8	-506.6
18.544	153.4	-505.7
18.578	150.6	-506.6
18.611	142.5	-508.8
18.645	127.5	-512.7
18.678	108.4	-516.8
18.711	109.4	-515.5
18.745	79.54	-520.5
18.778	46.29	-524.3
18.811	14.10	-526.0
18.845	-20.42	-525.3
18.878	-50.88	-523.2
18.911	-78.83	-519.8
18.945	-102.4	-515.6
18.978	-118.6	-512.3
19.011	-131.3	-509.6
19.045	-136.5	-508.6
19.078	-135.4	-508.8
19.111	-126.1	-511.3
19.145	-111.9	-514.7
19.178	-90.19	-518.6
19.212	-64.62	-522.4
19.245	-34.82	-525.0
19.278	-1.185	-526.0
19.312	32.35	-525.0
19.345	64.42	-522.3
19.378	94.66	-518.5
19.412	121.8	-513.4
19.445	146.3	-507.5
19.478	133.8	-513.4
19.512	145.5	-510.7
19.545	149.4	-509.6
19.578	148.4	-509.8
19.612	140.3	-511.7
19.645	125.3	-515.5
19.678	106.2	-519.7
19.712	81.88	-523.7
19.745	52.83	-527.3
19.779	21.98	-529.7
19.812	-10.41	-529.8
19.845	-43.73	-528.0
19.879	-73.50	-524.7
19.912	-103.5	-519.9
19.945	-127.5	-514.7
19.979	-145.1	-510.6
20.012	-156.4	-507.5
20.045	-163.5	-505.6
20.079	-163.4	-505.7
20.112	-153.9	-508.7
20.145	-138.1	-512.7
20.179	-115.7	-517.7
20.212	-88.07	-522.6
20.245	-57.45	-526.4
20.279	-29.52	-528.8
20.312	7.622	-529.4
20.346	42.86	-527.9
20.379	73.78	-524.7
20.412	101.2	-520.6
20.446	125.1	-515.7
20.479	141.8	-511.6
20.512	153.1	-508.7
20.546	156.7	-507.7
20.579	152.8	-508.4
20.612	145.7	-510.5
20.646	130.5	-514.6
20.679	111.9	-518.6
20.712	84.73	-523.5
20.746	60.75	-526.7
20.779	32.27	-528.8
20.812	-1.281	-529.5
20.846	-30.94	-528.4
20.879	-61.16	-525.7
20.913	-88.23	-521.8
20.946	-109.4	-517.4
20.979	-127.8	-513.4
21.013	-140.2	-510.5
21.046	-146.7	-508.8
21.079	-146.4	-508.7
21.113	-139.6	-510.7
21.146	-126.0	-514.0
21.179	-105.9	-518.0
21.213	-80.75	-521.9
21.246	-52.82	-525.5
21.279	-21.10	-527.8
21.313	14.16	-527.9
21.346	44.78	-526.5
21.379	75.38	-523.5
21.413	102.3	-519.5
21.446	125.8	-514.7
21.480	142.7	-510.5
21.513	154.1	-507.7
21.546	158.1	-506.5
21.580	157.2	-506.7
21.613	149.6	-508.7
21.646	134.6	-512.6
21.680	116.2	-516.6
21.713	90.76	-521.4
21.746	62.60	-525.6
21.780	34.16	-527.8
21.813	2.821	-528.6
21.846	-27.97	-527.5
21.880	-57.35	-524.9
21.913	-85.32	-520.9
21.946	-107.5	-516.6
21.980	-126.2	-512.5
22.013	-138.3	-509.5
22.047	-145.2	-507.8
22.080	-144.6	-507.8
22.113	-137.4	-509.6
22.147	-124.0	-512.9
22.180	-103.7	-516.9
22.213	-77.82	-520.9
22.247	-47.16	-524.4
22.280	-14.51	-526.7
22.313	18.87	-526.9
22.347	50.16	-525.4
22.380	80.58	-522.6
22.413	105.9	-518.4
22.447	129.6	-513.9
22.480	145.4	-509.8
22.513	156.8	-506.5
22.547	163.1	-504.8
22.580	162.7	-504.7
22.614	155.8	-506.5
22.647	141.7	-510.5
22.680	124.4	-514.7
22.714	100.3	-519.5
22.747	74.25	-523.7
22.780	44.23	-526.7
22.814	13.34	-528.0
22.847	-19.97	-527.4
22.880	-50.27	-525.4
22.914	-78.54	-521.9
22.947	-102.5	-517.5
22.980	-122.3	-513.6
23.014	-135.8	-510.6
23.047	-142.7	-508.8
23.081	-142.7	-508.7
23.114	-135.6	-510.4
23.147	-121.9	-513.6
23.181	-101.7	-517.8
23.214	-76.92	-521.8
23.247	-46.47	-525.0
23.281	-14.82	-526.8
23.314	18.63	-526.9
23.347	48.60	-525.8
23.381	79.15	-522.6
23.414	105.1	-518.6
23.447	128.7	-513.7
23.481	145.6	-509.8
23.514	158.7	-505.6
23.547	165.1	-503.7
23.581	164.5	-503.8
23.614	157.4	-505.8
23.648	143.6	-509.7
23.681	126.3	-513.7
23.714	103.0	-518.6
23.748	77.51	-522.7
23.781	47.13	-525.8
23.814	14.43	-527.6
23.848	-19.42	-527.4
23.881	-50.35	-525.5
23.914	-79.13	-522.0
23.948	-103.6	-517.6
23.981	-123.1	-513.6
24.014	-136.1	-510.6
24.048	-143.1	-508.8
24.081	-143.0	-508.7
24.114	-136.0	-510.5
24.148	-122.8	-513.6
24.181	-103.1	-517.8
24.215	-78.68	-521.7
24.248	-49.35	-525.4
24.281	-18.70	-527.7
24.315	13.03	-528.5
24.348	42.42	-527.5
24.381	73.62	-524.8
24.415	100.3	-520.7
24.448	121.7	-516.4
24.481	138.6	-512.7
24.515	149.6	-509.8
24.548	155.5	-507.8
24.581	155.1	-507.6
24.615	148.4	-509.6
24.648	136.8	-512.5
24.681	120.1	-516.6
24.715	96.26	-521.6
24.748	69.98	-525.5
24.782	40.46	-528.6
24.815	10.83	-529.7
24.848	-20.08	-528.9
24.882	-50.52	-526.6
24.915	-79.24	-522.8
24.948	-102.8	-518.4
24.982	-122.8	-514.4
25.015	-136.5	-511.2
25.048	-143.7	-509.7
25.082	-144.0	-509.6
25.115	-137.7	-510.8
25.148	-124.4	-513.6
25.182	-105.5	-517.8
25.215	-81.87	-521.8
25.248	-53.46	-525.5
25.282	-21.71	-528.0
25.315	10.34	-528.6
25.349	41.56	-527.7
25.382	68.49	-525.5
25.415	95.48	-521.7
25.449	116.8	-517.6
25.482	134.1	-513.6
25.515	145.4	-510.7
25.549	151.2	-508.7
25.582	151.1	-508.6
25.615	146.1	-509.8
25.649	134.9	-512.6
25.682	118.0	-516.6
25.715	97.47	-520.7
25.749	71.65	-524.7
25.782	42.13	-527.6
25.815	11.94	-528.7
25.849	-21.67	-528.3
25.882	-52.15	-526.2
25.916	-78.77	-522.8
25.949	-101.9	-518.4
25.982	-122.0	-514.4
26.016	-135.3	-511.3
26.049	-142.7	-509.5
26.082	-143.1	-509.4
26.116	-137.0	-511.0
26.149	-123.7	-513.6
26.182	-104.0	-517.7
26.216	-79.28	-521.7
26.249	-50.84	-525.4
26.282	-19.85	-527.9
26.316	11.34	-528.5
26.349	42.56	-527.6
26.382	72.85	-524.7
26.416	96.57	-521.6
26.449	117.1	-517.5
26.483	134.1	-513.6
26.516	145.1	-510.6
26.549	151.4	-508.7
26.583	150.7	-508.5
26.616	146.6	-509.9
26.649	134.9	-512.6
26.683	118.4	-516.6
26.716	98.46	-520.7
26.749	72.98	-524.6
26.783	43.47	-527.7
26.816	15.40	-528.8
26.849	-16.46	-528.4
26.883	-47.33	-526.4
26.916	-75.88	-523.1
26.949	-99.90	-518.6
26.983	-119.8	-514.5
27.016	-133.1	-511.4
27.050	-140.3	-509.6
27.083	-141.3	-509.4
27.116	-135.6	-510.9
27.150	-122.6	-513.6
27.183	-103.4	-517.7
27.216	-79.62	-521.8
27.250	-51.05	-525.4
27.283	-20.21	-527.9
27.316	11.55	-528.5
27.350	42.30	-527.6
27.383	71.41	-525.0
27.416	98.19	-520.8
27.450	119.4	-516.7
27.483	136.5	-512.7
27.516	150.0	-508.6
27.550	156.5	-506.7
27.583	156.3	-506.6
27.617	151.9	-507.6
27.650	141.2	-510.6
27.683	125.1	-514.6
27.717	102.8	-519.5
27.750	78.55	-523.8
27.783	49.49	-526.8
27.817	18.11	-528.5
27.850	-13.23	-528.4
27.883	-43.22	-526.6
27.917	-71.82	-523.5
27.950	-96.76	-519.5
27.983	-116.9	-515.5
28.017	-130.8	-512.4
28.050	-138.6	-510.5
28.084	-139.6	-510.2
28.117	-134.0	-511.9
28.150	-121.5	-514.5
28.184	-102.5	-518.5
28.217	-78.19	-522.7
28.250	-50.45	-526.3
28.284	-20.07	-528.6
28.317	11.73	-529.5
28.350	42.84	-528.5
28.384	72.64	-525.9
28.417	95.98	-522.5
28.450	120.2	-517.7
28.484	136.9	-513.6
28.517	148.3	-510.6
28.550	154.8	-508.5
28.584	155.0	-508.5
28.617	151.1	-509.6
28.651	140.4	-512.7
28.684	124.5	-516.7
28.717	105.0	-520.7
28.751	80.96	-524.7
28.784	53.41	-527.8
28.817	22.58	-529.7
28.851	-8.626	-529.9
28.884	-39.36	-527.9
28.917	-68.71	-524.7
28.951	-93.95	-520.6
28.984	-114.1	-516.6
29.017	-127.9	-513.4
29.051	-135.7	-511.6
29.084	-137.7	-511.0
29.117	-132.7	-511.9
29.151	-120.8	-514.5
29.184	-102.0	-518.4
29.218	-78.77	-522.7
29.251	-50.96	-526.0
29.284	-21.23	-528.3
29.318	9.370	-529.4
29.351	40.08	-528.6
29.384	66.72	-526.4
29.418	91.28	-523.5
29.451	115.8	-518.6
29.484	133.0	-514.6
29.518	144.7	-511.7
29.551	150.8	-509.5
29.584	151.3	-509.6
29.618	147.2	-510.7
29.651	136.5	-513.7
29.684	120.3	-517.6
29.718	100.8	-521.6
29.751	76.73	-525.5
29.785	49.34	-528.7
29.818	16.87	-530.5
29.851	-13.77	-530.4
29.885	-42.58	-528.4
29.918	-70.71	-525.1
29.951	-95.12	-520.7
29.985	-114.8	-516.5
30.018	-130.5	-512.9
30.051	-138.7	-510.7
30.085	-140.3	-510.3
30.118	-134.8	-511.5
30.151	-123.6	-514.0
30.185	-105.7	-517.6
30.218	-83.23	-521.8
30.251	-56.02	-525.4
30.285	-26.16	-528.1
30.318	5.681	-528.8
30.352	32.41	-528.5
30.385	60.27	-526.5
30.418	84.13	-523.6
30.452	106.3	-519.6
30.485	123.7	-515.5
30.518	135.6	-512.7
30.552	142.2	-510.7
30.585	142.1	-510.5
30.618	138.1	-511.6
30.652	126.8	-514.5
30.685	114.1	-517.7
30.718	94.21	-521.6
30.752	69.51	-525.5
30.785	41.82	-528.5
30.818	13.67	-529.9
30.852	-18.22	-529.5
30.885	-40.29	-527.4
30.919	-67.60	-524.4
30.952	-92.17	-520.5
30.985	-112.1	-516.6
31.019	-127.6	-513.0
31.052	-136.0	-510.7
31.085	-138.1	-510.0
31.119	-133.3	-510.9
31.152	-121.3	-513.5
31.185	-103.0	-517.4
31.219	-80.63	-521.6
31.252	-53.85	-525.0
31.285	-25.45	-527.5
31.319	4.400	-528.7
31.352	34.95	-527.9
31.385	62.84	-525.6
31.419	87.51	-522.5
31.452	109.3	-518.6
31.486	126.3	-514.7
31.519	137.6	-511.7
31.552	144.1	-509.6
31.586	144.5	-509.6
31.619	140.5	-510.7
31.652	129.3	-513.6
31.686	116.4	-516.7
31.719	97.24	-520.7
31.752	73.23	-524.6
31.786	45.34	-527.6
31.819	13.44	-529.3
31.852	-23.31	-529.4
31.886	-38.60	-527.6
31.919	-65.81	-524.4
31.952	-90.62	-520.5
31.986	-110.9	-516.6
32.019	-127.1	-513.0
32.053	-135.2	-510.8
32.086	-136.7	-510.2
32.119	-132.0	-511.6
32.153	-120.4	-514.3
32.186	-103.0	-518.2
32.219	-80.51	-522.5
32.253	-54.19	-526.2
32.286	-25.00	-528.8
32.319	5.754	-529.7
32.353	35.99	-528.8
32.386	63.67	-526.7
32.419	87.84	-523.4
32.453	110.1	-519.6
32.486	127.9	-515.5
32.519	140.1	-512.5
32.553	147.0	-510.5
32.586	150.0	-509.6
32.620	146.9	-510.6
32.653	139.3	-512.7
32.686	124.1	-516.6
32.720	105.6	-520.8
32.753	82.05	-524.6
32.786	56.04	-527.7
32.820	27.20	-529.6
32.853	-3.443	-529.8
32.886	-34.75	-528.2
32.920	-63.09	-525.4
32.953	-88.52	-521.9
32.986	-109.3	-517.6
33.020	-124.2	-514.2
33.053	-132.7	-512.6
33.087	-134.9	-512.2
33.120	-130.2	-513.6
33.153	-118.9	-516.2
33.187	-101.5	-520.0
33.220	-79.60	-523.8
33.253	-54.20	-527.2
33.287	-24.65	-529.8
33.320	5.227	-530.7
33.353	35.56	-529.9
33.387	62.91	-527.6
33.420	86.78	-524.5
33.453	109.2	-520.6
33.487	126.8	-516.6
33.520	138.9	-513.6
33.553	146.2	-511.7
33.587	149.2	-510.7
33.620	145.8	-511.6
33.654	135.9	-514.6
33.687	120.4	-518.7
33.720	101.6	-522.8
33.754	77.57	-526.7
33.787	51.43	-529.7
33.820	16.67	-531.7
33.854	-16.78	-531.5
33.887	-50.69	-529.6
33.920	-82.42	-525.9
33.954	-108.1	-521.4
33.987	-130.3	-516.8
34.020	-147.2	-512.5
34.054	-156.2	-510.5
34.087	-158.4	-509.9
34.120	-154.1	-511.1
34.154	-141.2	-514.4
34.187	-122.8	-518.7
34.221	-99.22	-523.8
34.254	-71.22	-527.9
34.287	-35.97	-530.9
34.321	-1.885	-532.0
34.354	30.33	-531.0
34.387	57.90	-528.6
34.421	86.37	-524.8
34.454	108.6	-520.7
34.487	125.8	-516.5
34.521	138.2	-513.6
34.554	145.4	-511.7
34.587	148.3	-510.7
34.621	145.0	-511.6
34.654	135.0	-514.6
34.687	122.6	-517.8
34.721	104.0	-521.6
34.754	80.98	-525.6
34.788	54.69	-528.7
34.821	25.34	-530.5
34.854	-3.955	-530.6
34.888	-32.77	-529.0
34.921	-61.15	-525.7
34.954	-86.51	-521.9
34.988	-107.5	-517.7
35.021	-122.3	-514.4
35.054	-130.4	-512.6
35.088	-133.4	-512.0
35.121	-129.6	-512.7
35.154	-119.4	-514.8
35.188	-103.0	-518.5
35.221	-81.71	-522.4
35.254	-56.41	-525.9
35.288	-29.09	-528.3
35.321	1.038	-529.6
35.355	26.68	-529.5
35.388	54.52	-527.6
35.421	79.51	-524.6
35.455	101.9	-520.6
35.488	120.1	-516.7
35.521	132.4	-513.7
35.555	139.5	-511.7
35.588	142.5	-510.8
35.621	139.1	-511.5
35.655	131.4	-513.7
35.688	119.1	-516.7
35.721	100.6	-520.7
35.755	77.12	-524.5
35.788	50.33	-527.6
35.821	19.28	-529.5
35.855	-8.828	-529.5
35.888	-33.92	-527.9
35.922	-61.43	-524.7
35.955	-87.08	-520.9
35.988	-107.6	-516.6
36.022	-122.4	-513.3
36.055	-131.6	-511.6
36.088	-134.6	-510.8
36.122	-130.9	-511.6
36.155	-121.0	-513.9
36.188	-104.3	-517.5
36.222	-82.96	-521.5
36.255	-57.28	-525.2
36.288	-29.18	-528.0
36.322	0.491	-529.0
36.355	26.81	-528.5
36.388	55.09	-526.6
36.422	79.98	-523.7
36.455	102.2	-519.7
36.489	120.4	-515.7
36.522	132.6	-512.7
36.555	139.9	-510.6
36.589	143.4	-509.8
36.622	140.3	-510.6
36.655	132.6	-512.8
36.689	119.9	-515.6
36.722	101.6	-519.7
36.755	77.92	-523.5
36.789	51.45	-526.6
36.822	22.65	-528.5
36.855	-5.765	-528.7
36.889	-33.28	-526.9
36.922	-61.03	-524.1
36.955	-85.09	-520.2
36.989	-106.2	-516.6
37.022	-120.5	-513.4
37.056	-130.2	-511.7
37.089	-133.1	-510.9
37.122	-129.3	-511.6
37.156	-120.2	-514.0
37.189	-103.8	-517.4
37.222	-82.69	-521.3
37.256	-57.21	-525.2
37.289	-29.40	-527.9
37.322	-0.509	-529.0
37.356	26.98	-528.4
37.389	55.16	-526.6
37.422	80.52	-523.6
37.456	103.2	-519.7
37.489	121.4	-515.7
37.522	133.9	-512.5
37.556	141.9	-510.5
37.589	145.6	-509.8
37.623	142.4	-510.6
37.656	135.0	-512.6
37.689	122.6	-515.8
37.723	104.4	-519.7
37.756	81.11	-523.6
37.789	55.86	-526.6
37.823	27.01	-528.5
37.856	-0.499	-528.8
37.889	-30.99	-527.3
37.923	-58.86	-524.8
37.956	-84.32	-520.9
37.989	-105.9	-516.9
38.023	-121.0	-513.5
38.056	-130.5	-511.6
38.090	-133.9	-510.8
38.123	-130.5	-511.6
38.156	-121.2	-513.9
38.190	-104.6	-517.4
38.223	-84.46	-521.3
38.256	-61.70	-524.8
38.290	-34.62	-527.4
38.323	-6.155	-528.8
38.356	21.99	-528.6
38.390	50.40	-526.7
38.423	76.16	-523.7
38.456	95.66	-520.6
38.490	114.1	-516.7
38.523	127.0	-513.6
38.556	135.1	-511.6
38.590	138.9	-510.7
38.623	136.3	-511.6
38.657	128.8	-513.5
38.690	116.8	-516.5
38.723	98.47	-520.6
38.757	74.44	-524.5
38.790	47.96	-527.4
38.823	16.70	-529.5
38.857	-14.61	-529.5
38.890	-29.57	-527.7
38.923	-57.71	-525.0
38.957	-82.41	-521.3
38.990	-103.6	-517.6
39.023	-118.8	-514.4
39.057	-128.4	-512.5
39.090	-132.3	-511.9
39.123	-128.4	-512.4
39.157	-119.2	-514.7
39.190	-104.6	-517.9
39.224	-84.51	-521.6
39.257	-61.35	-524.8
39.290	-35.09	-527.4
39.324	-5.591	-528.9
39.357	21.94	-528.6
39.390	50.47	-526.8
39.424	76.09	-523.7
39.457	95.94	-520.5
39.490	115.4	-516.7
39.524	128.2	-513.7
39.557	136.2	-511.6
39.590	139.9	-510.7
39.624	137.5	-511.5
39.657	130.0	-513.6
39.690	117.9	-516.6
39.724	99.62	-520.6
39.757	75.08	-524.5
39.791	49.23	-527.4
39.824	23.37	-529.0
39.857	-7.453	-529.0
39.891	-30.81	-527.1
39.924	-57.99	-524.8
39.957	-82.29	-521.3
39.991	-103.4	-517.6
40.024	-119.0	-514.5
40.057	-128.3	-512.5
40.091	-132.0	-511.8
40.124	-128.9	-512.6
40.157	-119.5	-514.6
40.191	-105.2	-517.9
40.224	-84.49	-521.5
40.257	-61.78	-524.9
40.291	-34.61	-527.4
40.324	-5.192	-528.8
40.358	22.34	-528.6
40.391	51.58	-526.8
40.424	72.24	-524.5
40.458	92.82	-521.5
40.491	112.4	-517.7
40.524	125.2	-514.7
40.558	133.5	-512.6
40.591	137.1	-511.7
40.624	134.6	-512.6
40.658	127.0	-514.6
40.691	114.6	-517.6
40.724	98.63	-520.8
40.758	74.07	-524.6
40.791	46.33	-527.6
40.824	15.87	-529.2
40.858	-15.32	-529.4
40.891	-45.37	-527.8
40.925	-75.34	-524.7
40.958	-101.5	-520.8
40.991	-123.0	-516.6
41.025	-139.5	-512.6
41.058	-149.8	-509.6
41.091	-153.0	-509.0
41.125	-149.2	-509.3
41.158	-139.0	-512.7
41.191	-122.5	-516.4
41.225	-101.5	-520.9
41.258	-77.03	-524.8
41.291	-48.81	-527.7
41.325	-20.54	-529.4
41.358	9.628	-529.6
41.391	36.09	-528.5
41.425	61.03	-526.4
41.458	83.96	-523.3
41.492	101.9	-520.2
41.525	116.7	-517.4
41.558	125.9	-515.4
41.592	130.0	-514.6
41.625	129.6	-514.9
41.658	121.9	-516.5
41.692	109.4	-519.5
41.725	92.61	-522.8
41.758	71.15	-525.8
41.792	44.25	-528.6
41.825	16.55	-529.9
41.858	-13.95	-529.6
41.892	-44.97	-527.9
41.925	-74.50	-524.8
41.958	-100.8	-520.7
41.992	-122.3	-516.5
42.025	-138.2	-512.8
42.059	-148.2	-509.5
42.092	-151.4	-509.1
42.125	-148.1	-509.3
42.159	-137.9	-512.7
42.192	-121.5	-516.4
42.225	-101.0	-520.6
42.259	-75.68	-524.5
42.292	-47.68	-527.6
42.325	-17.22	-529.4
42.359	11.90	-529.6
42.392	38.30	-528.5
42.425	67.51	-525.7
42.459	88.72	-522.4
42.492	109.5	-518.7
42.525	123.0	-515.6
42.559	131.9	-513.5
42.592	136.2	-512.6
42.626	135.7	-512.7
42.659	128.7	-514.7
42.692	115.9	-517.4
42.726	100.6	-520.8
42.759	76.02	-524.5
42.792	50.00	-527.4
42.826	18.26	-529.5
42.859	-12.19	-529.6
42.892	-42.01	-528.0
42.926	-72.96	-524.8
42.959	-99.42	-520.7
42.992	-120.4	-516.5
43.026	-137.2	-513.0
43.059	-147.1	-510.1
43.093	-150.4	-508.9
43.126	-147.2	-509.5
43.159	-137.7	-512.1
43.193	-121.5	-515.6
43.226	-100.9	-519.8
43.259	-75.60	-523.5
43.293	-47.64	-526.4
43.326	-19.32	-528.4
43.359	10.74	-528.7
43.393	37.74	-527.4
43.426	65.97	-524.8
43.459	88.11	-521.5
43.493	108.7	-517.8
43.526	122.4	-514.7
43.559	131.2	-512.6
43.593	135.4	-511.7
43.626	132.9	-512.3
43.660	125.2	-514.5
43.693	112.3	-517.5
43.726	95.93	-520.7
43.760	72.05	-524.5
43.793	44.27	-527.4
43.826	16.87	-528.9
43.860	-13.74	-528.7
43.893	-43.97	-526.8
43.926	-72.80	-523.8
43.960	-99.28	-519.9
43.993	-120.3	-515.6
44.026	-136.2	-512.1
44.060	-146.4	-509.0
44.093	-149.5	-508.3
44.126	-147.0	-509.0
44.160	-136.6	-511.6
44.193	-120.7	-515.2
44.227	-100.1	-519.6
44.260	-75.14	-523.5
44.293	-47.12	-526.5
44.327	-17.94	-528.4
44.360	10.89	-528.7
44.393	38.05	-527.4
44.427	66.31	-524.7
44.460	88.82	-521.5
44.493	109.6	-517.9
44.527	123.2	-514.7
44.560	132.1	-512.5
44.593	136.4	-511.7
44.627	135.5	-511.8
44.660	128.0	-513.6
44.693	115.4	-516.5
44.727	99.43	-519.8
44.760	74.36	-523.6
44.794	47.85	-526.4
44.827	17.60	-528.3
44.860	-12.78	-528.4
44.894	-42.54	-527.1
44.927	-70.95	-524.2
44.960	-96.91	-520.7
44.994	-118.1	-516.7
45.027	-133.8	-512.8
45.060	-144.8	-510.0
45.094	-148.3	-508.8
45.127	-145.6	-509.3
45.160	-136.6	-512.0
45.194	-121.0	-515.3
45.227	-100.8	-519.6
45.260	-74.24	-523.6
45.294	-46.71	-526.4
45.327	-18.62	-528.2
45.361	9.609	-528.8
45.394	37.14	-527.6
45.427	62.43	-525.4
45.461	84.38	-522.6
45.494	106.1	-518.6
45.527	120.6	-515.7
45.561	129.8	-513.5
45.594	134.3	-512.7
45.627	133.8	-512.7
45.661	126.5	-514.6
45.694	116.1	-516.8
45.727	97.11	-520.5
45.761	76.37	-523.9
45.794	49.98	-526.6
45.827	21.37	-528.4
45.861	-7.455	-528.6
45.894	-39.64	-526.9
45.928	-69.47	-524.4
45.961	-95.67	-520.9
45.994	-116.8	-516.7
46.028	-133.4	-512.8
46.061	-143.5	-510.2
46.094	-147.3	-509.6
46.128	-145.5	-510.1
46.161	-135.8	-512.1
46.194	-120.8	-515.4
46.228	-101.2	-519.4
46.261	-76.51	-523.3
46.294	-48.77	-526.4
46.328	-20.45	-528.3
46.361	10.25	-528.7
46.394	37.95	-527.5
46.428	63.09	-525.4
46.461	85.82	-522.5
46.495	107.2	-518.7
46.528	121.7	-515.8
46.561	130.3	-513.6
46.595	134.8	-512.5
46.628	134.5	-512.8
46.661	127.0	-514.5
46.695	116.8	-516.8
46.728	98.43	-520.4
46.761	77.73	-523.8
46.795	51.41	-526.6
46.828	22.69	-528.6
46.861	-5.893	-528.7
46.895	-33.85	-527.5
46.928	-56.11	-525.5
46.961	-79.18	-522.6
46.995	-97.80	-519.3
47.028	-112.7	-516.4
47.062	-122.8	-514.6
47.095	-126.7	-513.8
47.128	-124.2	-514.3
47.162	-115.7	-516.2
47.195	-103.1	-519.1
47.228	-84.95	-522.0
47.262	-63.30	-524.8
47.295	-37.39	-527.2
47.328	-10.46	-528.9
47.362	17.74	-528.7
47.395	43.18	-527.5
47.428	66.01	-525.4
47.462	92.02	-521.7
47.495	109.8	-518.5
47.528	124.3	-515.6
47.562	133.5	-513.5
47.595	137.6	-512.7
47.629	136.9	-512.7
47.662	130.0	-514.4
47.695	119.4	-516.9
47.729	100.8	-520.4
47.762	80.11	-523.8
47.795	55.15	-526.6
47.829	26.68	-528.6
47.862	3.984	-528.7
47.895	-24.23	-527.7
47.929	-51.33	-525.6
47.962	-76.41	-522.6
47.995	-96.32	-519.4
48.029	-111.9	-516.5
48.062	-121.7	-514.6
48.096	-125.4	-513.7
48.129	-123.1	-514.3
48.162	-114.5	-516.2
48.196	-101.1	-519.3
48.229	-82.77	-522.6
48.262	-61.01	-525.6
48.296	-36.14	-527.9
48.329	-7.556	-529.1
48.362	19.35	-528.7
48.396	44.24	-527.5
48.429	71.78	-524.7
48.462	93.38	-521.6
48.496	113.7	-517.9
48.529	127.6	-514.8
48.562	136.2	-512.6
48.596	140.5	-511.6
48.629	139.7	-511.7
48.663	132.8	-513.5
48.696	120.3	-516.5
48.729	104.3	-519.8
48.763	81.09	-523.5
48.796	55.45	-526.6
48.829	27.48	-528.6
48.863	1.166	-528.9
48.896	-25.50	-527.7
48.929	-52.86	-525.7
48.963	-76.60	-522.6
48.996	-95.99	-519.5
49.029	-111.4	-516.6
49.063	-121.1	-514.6
49.096	-124.7	-513.7
49.129	-122.2	-514.3
49.163	-114.0	-516.3
49.196	-101.4	-518.9
49.230	-84.14	-521.9
49.263	-62.52	-524.6
49.296	-39.74	-527.0
49.330	-12.54	-528.2
49.363	13.65	-528.6
49.396	39.63	-527.4
49.430	67.86	-524.8
49.463	90.27	-521.7
49.496	110.9	-517.8
49.530	125.2	-514.7
49.563	134.4	-512.6
49.596	138.7	-511.7
49.630	137.7	-511.8
49.663	130.9	-513.4
49.696	118.2	-516.4
49.730	101.9	-519.7
49.763	78.44	-523.5
49.797	52.14	-526.5
49.830	23.25	-528.5
49.863	-7.788	-529.0
49.897	-37.49	-527.5
49.930	-63.02	-525.5
49.963	-86.00	-522.6
49.997	-107.5	-518.7
50.030	-121.9	-515.7
50.063	-134.0	-512.8
50.097	-138.2	-511.8
50.130	-136.5	-511.8
50.163	-128.1	-513.7
50.197	-114.0	-516.7
50.230	-93.10	-520.5
50.263	-71.45	-523.7
50.297	-45.94	-526.5
50.330	-19.45	-528.2
50.364	9.227	-528.7
50.397	37.97	-527.4
50.430	62.43	-525.5
50.464	85.99	-522.5
50.497	107.8	-518.7
50.530	122.4	-515.8
50.564	131.4	-513.7
50.597	135.5	-512.7
50.630	134.7	-512.7
50.664	127.6	-514.5
50.697	116.8	-516.7
50.730	97.93	-520.3
50.764	77.20	-523.8
50.797	51.14	-526.6
50.830	22.53	-528.5
50.864	-6.037	-528.8
50.897	-33.94	-527.6
50.931	-56.56	-525.6
50.964	-79.32	-522.8
50.997	-97.86	-519.5
51.031	-112.2	-516.8
51.064	-121.2	-514.7
51.097	-124.7	-513.9
51.131	-123.0	-513.9
51.164	-114.9	-515.5
51.197	-103.2	-518.0
51.231	-85.75	-520.7
51.264	-64.59	-523.7
51.297	-41.41	-526.0
51.331	-15.44	-527.3
51.364	12.54	-527.7
51.397	38.30	-526.5
51.431	63.03	-524.5
51.464	85.96	-521.6
51.498	107.5	-517.9
51.531	121.9	-514.7
51.564	131.4	-512.6
51.598	135.5	-511.7
51.631	134.5	-511.9
51.664	127.3	-513.4
51.698	116.2	-515.9
51.731	97.37	-519.4
51.764	75.86	-522.8
51.798	50.67	-525.6
51.831	22.29	-527.4
51.864	-4.855	-527.9
51.898	-32.83	-526.8
51.931	-56.37	-524.7
51.964	-79.62	-521.8
51.998	-98.13	-518.7
52.031	-112.6	-515.8
52.065	-122.3	-513.7
52.098	-126.8	-512.8
52.131	-125.1	-512.9
52.165	-116.5	-514.5
52.198	-103.3	-517.4
52.231	-86.61	-520.5
52.265	-65.55	-523.5
52.298	-42.57	-525.9
52.331	-16.04	-527.3
52.365	11.24	-527.7
52.398	37.58	-526.7
52.431	62.03	-524.5
52.465	85.74	-521.4
52.498	104.5	-518.5
52.531	119.5	-515.6
52.565	128.6	-513.6
52.598	132.7	-512.7
52.632	131.7	-512.7
52.665	126.4	-513.9
52.698	113.6	-516.4
52.732	97.09	-519.6
52.765	72.79	-523.4
52.798	46.31	-526.5
52.832	18.35	-528.3
52.865	-9.934	-528.6
52.898	-38.59	-527.4
52.932	-65.89	-525.0
52.965	-90.03	-521.7
52.998	-110.3	-517.9
53.032	-125.0	-514.6
53.065	-134.9	-512.0
53.099	-138.7	-511.0
53.132	-137.0	-511.1
53.165	-129.2	-512.5
53.199	-114.7	-515.6
53.232	-94.94	-519.5
53.265	-74.61	-522.7
53.299	-48.96	-525.5
53.332	-21.23	-527.4
53.365	7.075	-527.9
53.399	34.99	-526.8
53.432	60.40	-524.7
53.465	83.99	-521.7
53.499	103.1	-518.4
53.532	118.4	-515.6
53.565	127.4	-513.6
53.599	131.9	-512.6
53.632	131.4	-512.8
53.666	125.7	-513.8
53.699	113.0	-516.4
53.732	96.87	-519.6
53.766	72.67	-523.5
53.799	46.18	-526.5
53.832	17.74	-528.2
53.866	-9.727	-528.7
53.899	-38.05	-527.5
53.932	-65.37	-525.1
53.966	-89.18	-522.5
53.999	-109.4	-518.9
54.032	-124.2	-515.6
54.066	-133.9	-512.7
54.099	-137.6	-511.7
54.132	-135.9	-511.9
54.166	-127.8	-513.3
54.199	-113.6	-516.5
54.233	-97.12	-520.0
54.266	-72.50	-523.4
54.299	-46.85	-526.3
54.333	-22.53	-528.2
54.366	7.143	-528.8
54.399	35.40	-527.8
54.433	60.30	-525.5
54.466	83.99	-522.6
54.499	105.5	-519.0
54.533	120.3	-515.7
54.566	129.3	-513.7
54.599	133.7	-512.7
54.633	132.7	-512.7
54.666	127.2	-513.9
54.699	114.8	-516.3
54.733	98.57	-519.8
54.766	74.71	-523.3
54.800	50.07	-526.4
54.833	22.21	-528.3
54.866	-5.306	-528.9
54.900	-34.53	-527.7
54.933	-57.56	-525.6
54.966	-79.76	-522.8
55.000	-97.63	-519.7
55.033	-112.1	-516.9
55.066	-120.9	-514.6
55.100	-124.8	-513.7
55.133	-123.6	-513.7
55.166	-115.4	-515.4
55.200	-104.9	-517.8
55.233	-87.77	-520.7
55.266	-67.13	-523.6
55.300	-43.86	-525.9
55.333	-18.08	-527.4
55.367	9.193	-527.8
55.400	36.74	-526.6
55.433	61.74	-524.6
55.467	84.68	-521.7
55.500	103.2	-518.5
55.533	118.6	-515.6
55.567	127.4	-513.7
55.600	131.6	-512.7
55.633	130.7	-512.7
55.667	125.7	-513.9
55.700	112.6	-516.4
55.733	96.01	-519.6
55.767	72.39	-523.4
55.800	50.89	-525.8
55.833	25.05	-527.6
55.867	-2.013	-528.0
55.900	-28.90	-526.9
55.934	-53.45	-524.9
55.967	-74.01	-522.4
56.000	-92.82	-519.6
56.034	-107.6	-516.8
56.067	-117.4	-514.6
56.100	-121.6	-513.8
56.134	-120.7	-513.8
56.167	-112.8	-515.4
56.200	-101.5	-517.8
56.234	-84.67	-520.6
56.267	-64.39	-523.5
56.300	-41.81	-525.8
56.334	-18.54	-527.3
56.367	8.085	-527.7
56.400	35.44	-526.8
56.434	60.47	-524.6
56.467	83.65	-521.7
56.501	102.1	-518.4
56.534	117.7	-515.6
56.567	126.9	-513.5
56.601	131.3	-512.6
56.634	130.6	-512.7
56.667	125.1	-513.8
56.701	112.7	-516.3
56.734	96.54	-519.7
56.767	75.80	-522.8
56.801	51.34	-525.6
56.834	24.49	-527.5
56.867	-1.701	-528.1
56.901	-28.76	-526.9
56.934	-53.77	-524.9
56.967	-73.79	-522.3
57.001	-92.59	-519.6
57.034	-107.0	-516.8
57.068	-116.4	-514.7
57.101	-120.7	-513.7
57.134	-119.9	-513.9
57.168	-112.2	-515.5
57.201	-100.6	-517.7
57.234	-84.22	-520.7
57.268	-63.28	-523.6
57.301	-39.95	-525.7
57.334	-14.10	-527.2
57.368	12.47	-527.7
57.401	38.19	-526.6
57.434	62.07	-524.5
57.468	84.54	-521.8
57.501	103.0	-518.5
57.534	117.9	-515.5
57.568	127.6	-513.6
57.601	131.7	-512.6
57.635	131.4	-512.8
57.668	125.8	-513.8
57.701	113.6	-516.5
57.735	96.85	-519.6
57.768	73.71	-523.3
57.801	52.90	-525.8
57.835	26.94	-527.6
57.868	-0.445	-528.2
57.901	-25.30	-527.7
57.935	-49.81	-525.7
57.968	-70.59	-523.3
58.001	-89.37	-520.5
58.035	-104.7	-517.8
58.068	-113.7	-515.7
58.102	-117.8	-514.8
58.135	-116.6	-514.8
58.168	-109.3	-516.5
58.202	-97.66	-518.7
58.235	-81.36	-521.6
58.268	-60.39	-524.4
58.302	-37.69	-526.6
58.335	-12.98	-528.0
58.368	13.89	-527.9
58.402	39.95	-526.6
58.435	63.28	-524.6
58.468	85.79	-521.6
58.502	103.9	-518.4
58.535	118.9	-515.6
58.568	128.6	-513.7
58.602	132.4	-512.7
58.635	131.8	-512.8
58.669	126.2	-513.8
58.702	114.0	-516.4
58.735	97.96	-519.7
58.769	74.52	-523.4
58.802	52.50	-525.9
58.835	25.75	-527.6
58.869	-0.589	-528.3
58.902	-26.21	-527.7
58.935	-49.76	-525.8
58.969	-69.97	-523.3
59.002	-88.83	-520.6
59.035	-103.2	-518.0
59.069	-112.2	-515.8
59.102	-115.8	-514.9
59.135	-114.6	-514.9
59.169	-107.9	-516.3
59.202	-96.63	-518.7
59.236	-79.71	-521.5
59.269	-58.61	-524.4
59.302	-36.82	-526.7
59.336	-11.59	-527.9
59.369	13.53	-527.7
59.402	39.39	-526.7
59.436	62.80	-524.6
59.469	85.33	-521.7
59.502	103.6	-518.6
59.536	118.0	-515.6
59.569	127.4	-513.7
59.602	131.4	-512.8
59.636	130.4	-512.9
59.669	124.5	-514.0
59.702	112.3	-516.4
59.736	95.74	-519.6
59.769	75.55	-522.9
59.803	51.46	-525.5
59.836	25.16	-527.5
59.869	-0.598	-528.0
59.903	-26.68	-527.0
59.936	-51.11	-525.0
59.969	-71.34	-522.4
60.003	-90.37	-519.8
60.036	-105.5	-516.8
60.069	-115.2	-514.8
60.103	-119.3	-513.9
60.136	-118.0	-513.9
60.169	-110.6	-515.4
60.203	-99.51	-517.7
60.236	-83.35	-520.6
60.269	-62.91	-523.4
60.303	-40.35	-525.7
60.336	-15.32	-527.0
60.370	10.92	-527.0
60.403	36.60	-525.8
60.436	60.65	-523.7
60.470	83.27	-520.7
60.503	102.0	-517.5
60.536	116.8	-514.7
60.570	126.4	-512.6
60.603	130.2	-511.9
60.636	129.3	-512.0
60.670	122.4	-513.4
60.703	111.8	-515.6
60.736	95.76	-518.9
60.770	72.72	-522.4
60.803	51.56	-524.9
60.836	25.14	-526.6
60.870	-1.177	-527.3
60.903	-26.43	-526.8
60.937	-50.60	-524.9
60.970	-71.02	-522.4
61.003	-89.48	-519.8
61.037	-102.8	-517.4
61.070	-112.1	-515.6
61.103	-116.0	-514.8
61.137	-115.0	-514.9
61.170	-108.0	-516.3
61.203	-96.85	-518.7
61.237	-80.21	-521.6
61.270	-59.29	-524.4
61.303	-37.35	-526.5
61.337	-13.32	-527.9
61.370	12.64	-527.7
61.403	37.87	-526.7
61.437	62.37	-524.7
61.470	84.24	-521.7
61.504	102.7	-518.5
61.537	117.6	-515.7
61.570	126.2	-513.6
61.604	130.2	-512.8
61.637	129.3	-512.9
61.670	122.3	-514.4
61.704	111.7	-516.5
61.737	95.72	-519.8
61.770	74.82	-522.9
61.804	51.71	-525.4
61.837	26.01	-527.5
61.870	1.227	-528.0
61.904	-23.30	-527.3
61.937	-48.06	-525.7
61.970	-68.01	-523.3
62.004	-87.04	-520.7
62.037	-99.85	-518.4
62.071	-108.8	-516.5
62.104	-113.3	-515.8
62.137	-111.9	-515.9
62.171	-106.0	-516.9
62.204	-94.94	-519.0
62.237	-79.02	-521.6
62.271	-58.25	-524.4
62.304	-35.76	-526.7
62.337	-10.21	-527.8
62.371	14.80	-527.7
62.404	40.10	-526.6
62.437	62.87	-524.5
62.471	85.49	-521.7
62.504	103.1	-518.6
62.537	117.9	-515.7
62.571	127.2	-513.6
62.604	131.3	-512.8
62.638	130.3	-513.0
62.671	123.1	-514.4
62.704	112.7	-516.7
62.738	97.09	-519.7
62.771	74.94	-523.3
62.804	53.16	-525.9
62.838	27.53	-527.6
62.871	1.706	-528.2
62.904	-23.43	-527.8
62.938	-47.83	-525.9
62.971	-68.09	-523.4
63.004	-86.74	-520.7
63.038	-99.79	-518.3
63.071	-109.1	-516.7
63.105	-113.0	-515.8
63.138	-111.9	-515.9
63.171	-106.0	-516.9
63.205	-95.21	-519.0
63.238	-79.24	-521.6
63.271	-58.80	-524.4
63.305	-36.53	-526.4
63.338	-12.13	-527.9
63.371	13.33	-527.9
63.405	38.18	-526.6
63.438	62.00	-524.6
63.471	84.03	-521.8
63.505	102.6	-518.6
63.538	117.1	-515.8
63.571	126.4	-513.8
63.605	130.4	-512.8
63.638	129.4	-512.9
63.672	122.5	-514.4
63.705	111.7	-516.8
63.738	95.16	-519.7
63.772	75.11	-522.9
63.805	51.15	-525.4
63.838	26.06	-527.4
63.872	1.607	-528.0
63.905	-23.56	-527.2
63.938	-47.36	-525.7
