	mass A		
t	x	y	
0.000	251.6	-920.5
0.033	220.0	-930.7
0.067	182.2	-939.4
0.100	136.6	-950.5
0.133	85.93	-960.6
0.167		
0.200	-23.21	-971.5
0.233	-83.13	-973.5
0.267	-139.1	-970.4
0.300	-193.4	-967.6
0.334	-242.3	-961.3
0.367	-283.3	-953.3
0.400	-319.9	-948.2
0.434	-344.2	-942.7
0.467	-356.9	-939.4
0.500	-364.1	-940.5
0.534	-359.1	-943.6
0.567	-343.2	-949.3
0.600	-320.3	-958.6
0.634	-283.2	-966.8
0.667	-239.3	-975.4
0.700	-190.1	-984.3
0.734	-133.7	-987.8
0.767	-75.06	-990.2
0.800	-15.90	-989.5
0.834	43.86	-982.4
0.867	98.52	-975.4
0.901	151.4	-964.5
0.934	197.8	-950.6
0.967	233.3	-940.4
1.001	264.4	-928.5
1.034	284.9	-918.7
1.067	295.6	-914.5
1.101	299.2	-911.4
1.134	293.1	-911.3
1.167	280.4	-916.5
1.201	257.5	-923.5
1.234	224.7	-932.5
1.267	188.3	-943.5
1.301	140.0	-954.5
1.334	87.84	-963.4
1.368	33.89	-971.7
1.401	-24.84	-975.2
1.434	-81.88	-977.4
1.468	-139.1	-976.5
1.501	-192.3	-971.1
1.534	-244.1	-965.8
1.568	-286.9	-958.5
1.601	-319.3	-951.6
1.634	-347.1	-946.7
1.668	-361.2	-943.5
1.701	-365.4	-943.6
1.734	-358.6	-947.5
1.768	-341.3	-952.5
1.801	-313.8	-960.4
1.834	-277.9	-969.4
1.868	-235.5	-976.8
1.901	-183.2	-984.2
1.935	-129.9	-988.7
1.968	-70.57	-989.3
2.001	-10.09	-987.8
2.035	48.22	-981.6
2.068	104.7	-972.6
2.101	156.7	-961.7
2.135	199.3	-949.4
2.168	236.0	-937.7
2.201	265.4	-926.5
2.235	283.5	-918.5
2.268	296.0	-912.7
2.301	296.4	-911.4
2.335	290.1	-912.3
2.368	275.1	-917.3
2.401	251.3	-925.4
2.435	220.1	-934.7
2.468	181.1	-945.7
2.502	133.2	-956.4
2.535	81.97	-965.5
2.568	27.66	-972.6
2.602	-29.79	-976.5
2.635	-86.81	-977.4
2.668	-144.8	-975.6
2.702	-199.9	-970.4
2.735	-249.0	-963.7
2.768	-291.5	-955.8
2.802	-323.7	-948.7
2.835	-346.1	-943.1
2.868	-359.1	-940.2
2.902	-362.1	-940.3
2.935	-354.6	-943.5
2.969	-337.1	-948.7
3.002	-309.5	-956.3
3.035	-273.3	-964.7
3.069	-228.2	-972.3
3.102	-177.4	-978.7
3.135	-122.9	-982.4
3.169	-63.72	-982.9
3.202	-6.830	-980.3
3.235	53.07	-973.7
3.269	107.2	-964.6
3.302	157.3	-953.4
3.335	202.4	-940.4
3.369	238.7	-928.5
3.402	265.4	-918.4
3.435	284.6	-910.5
3.469	295.4	-905.5
3.502	296.5	-904.5
3.536	290.2	-906.3
3.569	276.0	-911.8
3.602	250.7	-920.5
3.636	219.6	-930.5
3.669	179.1	-942.3
3.702	133.8	-953.6
3.736	83.32	-963.6
3.769	27.65	-971.5
3.802	-29.89	-976.5
3.836	-87.64	-978.6
3.869	-143.9	-977.1
3.902	-197.3	-973.6
3.936	-243.2	-967.8
3.969	-282.4	-961.0
4.002	-312.6	-955.1
4.036	-334.4	-950.9
4.069	-347.3	-948.6
4.103	-349.3	-949.1
4.136	-341.8	-952.4
4.169	-324.5	-958.0
4.203	-296.9	-965.2
4.236	-260.4	-973.1
4.269	-216.6	-980.9
4.303	-167.7	-986.3
4.336	-113.0	-989.4
4.369	-56.31	-989.8
4.403	1.551	-986.5
4.436	58.46	-979.7
4.469	113.1	-970.4
4.503	162.0	-958.7
4.536	207.8	-944.5
4.569	243.4	-931.3
4.603	271.3	-919.5
4.636	290.2	-910.2
4.670		
4.703		
4.736	294.4	-905.3
4.770	278.5	-911.8
4.803	253.9	-920.9
4.836	221.3	-931.2
4.870	177.2	-945.8
4.903	131.1	-956.5
4.936	79.54	-966.6
4.970	23.38	-974.2
5.003	-34.05	-978.9
5.036	-91.95	-980.3
5.070	-148.1	-978.5
5.103	-199.5	-973.8
5.137	-245.6	-967.2
5.170	-283.1	-959.9
5.203	-315.2	-953.3
5.237	-335.4	-948.7
5.270	-346.4	-946.6
5.303	-347.8	-947.1
5.337	-338.4	-950.8
5.370	-319.6	-956.4
5.403	-292.2	-964.4
5.437	-255.0	-972.2
5.470	-211.7	-979.8
5.503	-161.3	-985.3
5.537	-107.3	-988.3
5.570	-50.40	-988.4
5.603	7.203	-984.5
5.637	63.43	-977.5
5.670	117.1	-967.8
5.704	165.5	-955.9
5.737		
5.770		
5.804	273.5	-916.1
5.837	291.9	-907.9
5.870	310.2	-916.0
5.904	309.6	-914.9
5.937	302.0	-916.9
5.970	288.2	-922.0
6.004	263.8	-930.0
6.037	230.6	-940.0
6.070	193.5	-950.1
6.104	154.4	-959.2
6.137	114.7	-966.3
6.170	41.74	-974.7
6.204	2.051	-977.6
6.237	-56.17	-979.1
6.271	-112.7	-976.9
6.304	-164.7	-972.7
6.337	-210.9	-966.5
6.371	-248.3	-960.4
6.404	-279.1	-954.7
6.437	-298.3	-950.3
6.471	-307.5	-948.6
6.504	-305.3	-949.5
6.537	-296.3	-952.5
6.571	-278.7	-957.8
6.604	-246.8	-964.4
6.637	-209.0	-971.7
6.671	-165.9	-977.7
6.704	-114.7	-982.1
6.738	-60.57	-983.6
6.771	-3.594	-982.6
6.804	52.45	-978.2
6.838	108.4	-970.8
6.871	160.5	-960.7
6.904	207.9	-948.8
6.938	251.6	-934.5
6.971	285.0	-922.7
7.004	310.8	-911.6
7.038	327.9	-903.5
7.071	336.4	-898.3
7.104	336.8	-897.6
7.138	328.1	-900.8
7.171	310.7	-906.8
7.204	285.6	-915.6
7.238	252.5	-926.5
7.271	209.1	-939.9
7.305	162.3	-950.6
7.338	108.7	-960.5
7.371	53.57	-967.6
7.405	-2.624	-971.9
7.438	-59.06	-972.9
7.471	-113.3	-970.8
7.505	-166.8	-966.6
7.538	-214.1	-960.6
7.571	-251.8	-954.4
7.605	-282.0	-948.8
7.638	-302.2	-944.7
7.671	-311.3	-942.9
7.705	-310.8	-943.6
7.738	-300.0	-947.0
7.771	-279.3	-952.4
7.805	-248.9	-959.5
7.838	-210.5	-967.2
7.872	-164.2	-973.8
7.905	-112.6	-978.5
7.938	-57.61	-980.6
7.972	-1.826	-979.4
8.005	55.08	-975.1
8.038	108.0	-967.7
8.072	159.8	-957.8
8.105	205.1	-946.5
8.138	246.6	-933.6
8.172	277.9	-922.7
8.205	302.6	-912.6
8.238	318.5	-905.5
8.272	326.6	-901.5
8.305	325.8	-901.6
8.338	317.0	-904.8
8.372	300.2	-910.9
8.405	274.8	-919.6
8.439	243.0	-929.8
8.472	201.3	-941.6
8.505	154.4	-952.6
8.539	103.0	-961.9
8.572	47.13	-968.9
8.605	-9.965	-972.7
8.639	-66.82	-973.6
8.672	-122.4	-971.7
8.705	-173.4	-967.2
8.739	-218.3	-961.5
8.772	-256.6	-955.0
8.805	-285.4	-949.1
8.839	-305.4	-945.0
8.872	-312.3	-943.3
8.906	-310.6	-944.6
8.939	-298.2	-948.2
8.972	-277.3	-953.9
9.006	-245.9	-960.8
9.039	-206.8	-967.8
9.072	-161.4	-974.0
9.106	-109.6	-978.0
9.139	-55.00	-979.4
9.172	4.019	-977.9
9.206	60.29	-972.9
9.239	112.2	-965.5
9.272	162.5	-955.5
9.306	208.8	-943.9
9.339	247.9	-931.7
9.372	278.9	-920.8
9.406	301.7	-911.7
9.439	317.8	-904.7
9.473	325.7	-900.7
9.506	324.6	-900.6
9.539	315.9	-903.8
9.573	297.7	-910.6
9.606	272.5	-919.5
9.639	240.7	-929.7
9.673	197.1	-942.6
9.706	149.8	-953.5
9.739	98.65	-962.7
9.773	42.63	-969.8
9.806	-12.74	-973.7
9.839	-68.29	-974.8
9.873	-121.4	-973.1
9.906	-171.4	-968.8
9.939	-215.5	-963.4
9.973	-252.9	-957.7
10.006	-280.3	-952.8
10.040	-297.8	-949.5
10.073	-303.0	-948.5
10.106	-303.8	-949.7
10.140	-289.5	-953.5
10.173	-270.0	-958.8
10.206	-237.5	-965.6
10.240	-196.9	-972.3
10.273	-149.9	-978.2
10.306	-98.31	-982.0
10.340	-43.17	-983.0
10.373	11.97	-980.6
10.406	67.04	-975.5
10.440	119.9	-967.7
10.473	169.3	-957.5
10.506	212.9	-946.5
10.540	248.8	-935.6
10.573	279.8	-924.7
10.607	302.8	-915.7
10.640	316.8	-909.7
10.673	323.2	-906.8
10.707	321.7	-906.7
10.740	311.0	-910.7
10.773	294.5	-916.6
10.807	269.1	-925.8
10.840	234.5	-936.6
10.873	195.1	-947.9
10.907	147.3	-958.6
10.940	96.03	-967.9
10.973	40.34	-974.8
11.007	-15.51	-978.8
11.040	-72.07	-979.8
11.074	-126.6	-978.0
11.107	-175.9	-973.7
11.140	-221.8	-967.8
11.174	-258.9	-961.8
11.207	-285.9	-956.6
11.240	-302.3	-953.5
11.274	-308.4	-952.5
11.307	-306.5	-953.7
11.340	-290.9	-957.3
11.374	-269.0	-962.8
11.407	-234.8	-969.4
11.440	-195.1	-975.9
11.474	-147.1	-981.1
11.507	-93.51	-984.4
11.540	-39.78	-984.9
11.574	18.55	-981.9
11.607	73.42	-975.9
11.641	125.6	-967.6
11.674	175.6	-956.9
11.707	219.6	-944.9
11.741	263.2	-928.6
11.774	292.7	-918.0
11.807	314.4	-908.4
11.841	328.5	-901.7
11.874	334.7	-898.1
11.907	332.3	-898.2
11.941	322.2	-903.1
11.974	303.4	-910.3
12.007	276.9	-920.5
12.041	243.4	-931.7
12.074	195.3	-946.7
12.107	147.8	-957.8
12.141	95.74	-966.9
12.174	40.30	-973.7
12.208	-14.82	-977.4
12.241	-69.75	-978.4
12.274	-121.1	-976.6
12.308	-168.9	-972.2
12.341	-210.8	-966.9
12.374	-244.9	-961.0
12.408	-270.2	-955.9
12.441	-286.9	-952.6
12.474	-292.9	-951.6
12.508	-289.7	-952.9
12.541	-275.2	-956.4
12.574	-252.7	-961.5
12.608	-220.8	-967.7
12.641	-181.5	-973.4
12.675	-134.9	-978.3
12.708	-84.33	-981.1
12.741	-30.35	-981.1
12.775	24.79	-977.7
12.808	78.43	-971.5
12.841	131.1	-963.0
12.875	178.3	-952.2
12.908	221.2	-940.8
12.941	262.4	-925.3
12.975	291.2	-914.8
13.008	311.8	-905.5
13.041	324.5	-899.7
13.075	329.7	-896.4
13.108	326.7	-897.6
13.141	315.3	-902.2
13.175	296.6	-909.7
13.208	269.1	-919.9
13.242	232.4	-932.4
13.275	186.8	-945.8
13.308	139.2	-956.4
13.342	86.99	-965.8
13.375	32.34	-971.7
13.408	-23.10	-975.1
13.442	-77.25	-975.4
13.475	-128.8	-973.1
13.508	-177.1	-968.7
13.542	-219.4	-962.9
13.575	-255.9	-957.1
13.608	-281.0	-952.3
13.642	-297.7	-949.3
13.675	-302.4	-948.6
13.708	-298.3	-949.8
13.742	-282.9	-953.4
13.775	-258.7	-958.6
13.809	-224.7	-964.7
13.842	-181.6	-970.6
13.875	-135.0	-975.3
13.909	-82.69	-977.9
13.942	-28.51	-977.6
13.975	26.39	-974.9
14.009	81.28	-968.6
14.042	131.6	-960.3
14.075	179.6	-949.7
14.109	222.1	-938.0
14.142	261.7	-922.2
14.175	289.9	-912.0
14.209	309.9	-903.2
14.242	321.9	-897.9
14.275	326.1	-895.6
14.309	322.4	-896.5
14.342	310.9	-901.6
14.376	290.6	-909.9
14.409	263.4	-919.6
14.442	223.6	-934.2
14.476	181.5	-945.9
14.509	134.2	-956.6
14.542	82.73	-965.1
14.576	28.31	-971.0
14.609	-27.11	-974.4
14.642	-81.25	-974.6
14.676	-132.9	-972.3
14.709	-182.0	-968.3
14.742	-225.1	-962.8
14.776	-258.9	-957.1
14.809	-282.6	-952.4
14.843	-297.2	-949.5
14.876	-301.8	-948.8
14.909	-296.0	-950.4
14.943	-278.4	-954.6
14.976	-252.6	-959.7
15.009	-216.4	-965.7
15.043	-176.7	-971.4
15.076	-129.0	-976.1
15.109	-78.17	-978.1
15.143	-23.62	-977.8
15.176	30.78	-974.4
15.209	85.54	-968.0
15.243	135.5	-959.4
15.276	182.9	-948.9
15.309	223.6	-937.4
15.343	262.9	-923.8
15.376	290.8	-912.9
15.410	310.4	-904.6
15.443	322.5	-899.0
15.476	326.3	-896.7
15.510	322.3	-898.4
15.543	310.4	-903.7
15.576	290.4	-911.7
15.610	263.2	-922.0
15.643	221.7	-936.5
15.676	179.2	-948.5
15.710	131.8	-958.9
15.743	79.92	-967.6
15.776	25.69	-973.8
15.810	-28.89	-977.0
15.843	-82.57	-977.0
15.876	-133.2	-974.5
15.910	-178.9	-970.3
15.943	-217.6	-965.4
15.977	-248.6	-960.4
16.010	-272.1	-955.9
16.043	-284.9	-953.3
16.077	-289.0	-952.9
16.110	-282.7	-954.6
16.143	-266.5	-958.4
16.177	-241.7	-963.6
16.210	-208.4	-969.3
16.243	-167.7	-974.9
16.277	-121.3	-978.9
16.310	-70.55	-980.8
16.343	-16.62	-979.8
16.377	38.18	-976.0
16.410	91.15	-969.3
16.444	141.3	-960.6
16.477	188.0	-949.9
16.510	229.8	-937.7
16.544	266.6	-924.4
16.577	293.6	-914.3
16.610	312.8	-906.6
16.644	323.5	-901.4
16.677	326.6	-900.2
16.710	321.6	-902.5
16.744	308.8	-907.9
16.777	286.8	-916.8
16.810	257.3	-927.3
16.844	218.3	-940.8
16.877	175.8	-952.0
16.910	127.6	-962.4
16.944	76.16	-970.8
16.977	21.68	-976.9
17.011	-33.47	-979.7
17.044	-86.70	-979.8
17.077	-136.7	-977.4
17.111	-182.0	-972.9
17.144	-221.2	-967.0
17.177	-251.4	-961.6
17.211	-273.0	-957.3
17.244	-285.7	-955.0
17.277	-287.7	-954.4
17.311	-280.0	-956.5
17.344	-262.8	-960.6
17.377	-237.4	-965.4
17.411	-203.5	-971.0
17.444	-162.7	-976.1
17.477	-115.5	-979.4
17.511	-64.67	-981.2
17.544	-11.09	-980.4
17.578	42.72	-976.3
17.611	95.77	-969.6
17.644	145.8	-960.4
17.678	191.3	-949.7
17.711	236.6	-935.5
17.744	269.7	-923.8
17.778	295.6	-913.7
17.811	313.1	-906.5
17.844	323.1	-902.0
17.878	325.0	-900.8
17.911	318.9	-903.4
17.944	304.5	-909.4
17.978	283.1	-918.0
18.011	253.0	-928.6
18.044	213.2	-941.4
18.078	170.5	-952.9
18.111	122.6	-962.8
18.145	70.83	-970.7
18.178	14.37	-976.5
18.211	-39.03	-979.3
18.245	-92.34	-978.9
18.278	-140.9	-976.3
18.311	-186.8	-971.2
18.345	-224.1	-965.7
18.378	-253.7	-960.5
18.411	-274.0	-956.3
18.445	-286.5	-953.9
18.478	-287.4	-953.8
18.511	-278.5	-955.6
18.545	-260.7	-959.6
18.578	-234.3	-964.3
18.612	-200.3	-969.9
18.645	-158.6	-974.8
18.678	-111.3	-978.1
18.712	-60.53	-979.3
18.745	-7.298	-978.0
18.778	46.14	-973.6
18.812	98.05	-966.6
18.845	147.4	-957.3
18.878	191.5	-947.4
18.912	233.7	-934.4
18.945	266.3	-923.3
18.978	292.3	-913.3
19.012	310.8	-906.0
19.045	320.0	-901.8
19.078	321.6	-900.7
19.112	315.0	-903.7
19.145	299.6	-910.2
19.179	276.6	-919.4
19.212	247.5	-929.7
19.245	208.0	-942.7
19.279	164.1	-953.9
19.312	115.8	-963.5
19.345	62.94	-971.5
19.379	8.738	-976.9
19.412	-47.28	-978.9
19.445	-98.88	-978.0
19.479	-150.9	-974.7
19.512	-196.8	-969.7
19.545	-236.1	-964.0
19.579	-265.3	-958.5
19.612	-285.5	-954.7
19.645	-294.7	-952.4
19.679	-294.2	-952.4
19.712	-284.8	-954.6
19.746	-263.9	-958.7
19.779	-237.2	-963.7
19.812	-199.9	-969.3
19.846	-157.2	-974.4
19.879	-110.2	-977.6
19.912	-58.03	-978.9
19.946	-3.879	-977.0
19.979	48.31	-972.6
20.012	100.2	-965.7
20.046	150.6	-956.0
20.079	194.5	-945.5
20.112	236.1	-932.7
20.146	268.1	-921.8
20.179	292.4	-912.2
20.213	309.8	-905.5
20.246	318.8	-901.6
20.279	319.9	-901.1
20.313	312.4	-904.3
20.346	296.8	-911.6
20.379	273.5	-920.5
20.413	244.0	-930.9
20.446	203.5	-943.7
20.479	160.0	-954.7
20.513	110.7	-964.5
20.546	59.16	-972.1
20.579	4.163	-977.0
20.613	-51.48	-978.6
20.646	-103.5	-977.8
20.679	-153.5	-974.2
20.713	-195.3	-969.7
20.746	-229.7	-964.1
20.780	-257.3	-958.7
20.813	-276.3	-954.9
20.846	-285.4	-952.8
20.880	-284.6	-952.7
20.913	-273.2	-955.2
20.946	-253.5	-959.5
20.980	-225.8	-964.7
21.013	-190.2	-969.9
21.046	-147.5	-974.7
21.080	-100.3	-977.7
21.113	-49.65	-978.5
21.146	2.850	-976.7
21.180	55.62	-972.0
21.213	106.5	-964.8
21.246	154.9	-955.5
21.280	198.8	-945.0
21.313	239.8	-931.7
21.347	271.6	-920.6
21.380	295.5	-911.4
21.413	311.9	-905.1
21.447	319.6	-901.4
21.480	319.9	-901.6
21.513	311.9	-905.3
21.547	295.7	-912.5
21.580	272.1	-921.8
21.613	241.9	-931.9
21.647	199.6	-945.4
21.680	155.6	-956.5
21.713	107.0	-966.1
21.747	53.91	-973.4
21.780	-0.856	-978.1
21.813	-56.29	-979.6
21.847	-108.6	-978.5
21.880	-161.7	-975.0
21.914	-203.3	-969.8
21.947	-240.9	-963.9
21.980	-268.3	-958.8
22.014	-286.8	-954.8
22.047	-296.2	-952.9
22.080	-295.1	-952.9
22.114	-281.4	-955.6
22.147	-259.9	-959.8
22.180	-231.6	-964.9
22.214	-191.2	-970.4
22.247	-149.0	-974.9
22.280	-100.3	-977.7
22.314	-45.91	-978.1
22.347	6.367	-975.8
22.381	59.41	-970.8
22.414	109.7	-963.5
22.447	157.3	-954.4
22.481	201.5	-943.8
22.514	240.8	-931.6
22.547	272.2	-920.9
22.581	295.6	-911.7
22.614	311.1	-905.6
22.647	318.4	-902.2
22.681	318.2	-902.9
22.714	309.3	-906.5
22.747	292.7	-913.7
22.781	268.7	-922.8
22.814	236.8	-933.6
22.847	194.7	-946.8
22.881	148.8	-957.7
22.914	99.82	-966.8
22.948	46.78	-973.7
22.981	-7.403	-978.0
23.014	-60.45	-978.9
23.048	-111.9	-977.4
23.081	-159.9	-973.7
23.114	-199.9	-968.5
23.148	-233.7	-962.9
23.181	-260.5	-958.0
23.214	-274.9	-954.4
23.248	-283.1	-952.8
23.281	-278.3	-953.3
23.314	-268.4	-955.9
23.348	-246.4	-959.7
23.381	-216.5	-965.0
23.414	-178.9	-969.8
23.448	-135.8	-974.1
23.481	-89.04	-976.3
23.515	-37.92	-976.9
23.548	13.01	-974.6
23.581	64.90	-969.5
23.615	115.5	-961.9
23.648	162.2	-952.8
23.681	204.0	-942.4
23.715	237.5	-932.5
23.748	266.0	-923.7
23.781	288.2	-915.9
23.815	301.7	-910.6
23.848	309.2	-907.9
23.881	307.0	-908.7
23.915	297.3	-912.5
23.948	281.8	-918.7
23.982	256.7	-927.6
24.015	225.3	-937.5
24.048	186.1	-948.8
24.082	141.3	-958.7
24.115	91.37	-967.5
24.148	39.32	-973.7
24.182	-16.01	-977.8
24.215	-70.75	-978.5
24.248	-121.2	-976.7
24.282	-169.9	-972.9
24.315	-212.9	-966.9
24.348	-244.4	-961.4
24.382	-269.6	-956.6
24.415	-284.1	-953.5
24.448	-290.8	-951.8
24.482	-285.7	-952.5
24.515	-271.2	-955.4
24.549	-243.9	-959.9
24.582	-214.6	-964.9
24.615	-176.6	-969.8
24.649	-130.8	-973.9
24.682	-83.37	-976.0
24.715	-33.08	-976.2
24.749	18.97	-973.9
24.782	69.76	-968.5
24.815	119.9	-961.0
24.849	166.0	-951.8
24.882	207.0	-941.5
24.915	243.3	-930.5
24.949	272.8	-920.6
24.982	296.0	-911.8
25.015	310.2	-905.9
25.049	313.1	-905.9
25.082	311.2	-906.9
25.116	302.6	-909.6
25.149	284.0	-917.7
25.182	258.6	-926.6
25.216	222.7	-938.8
25.249	182.6	-949.9
25.282	137.4	-959.8
25.316	86.48	-968.4
25.349	33.71	-974.8
25.382	-19.82	-978.0
25.416	-74.05	-978.3
25.449	-125.4	-976.3
25.482	-172.0	-972.3
25.516	-213.4	-966.9
25.549	-245.0	-961.3
25.582	-269.8	-956.7
25.616	-283.4	-953.5
25.649	-287.1	-952.4
25.683	-281.5	-953.4
25.716	-266.8	-956.4
25.749	-243.3	-960.6
25.783	-209.9	-965.9
25.816	-170.8	-971.0
25.849	-126.4	-974.7
25.883	-77.29	-976.8
25.916	-26.78	-976.6
25.949	25.34	-973.7
25.983	75.77	-968.6
26.016	125.4	-960.9
26.049	170.5	-951.7
26.083	212.5	-940.9
26.116	248.8	-929.5
26.150	277.5	-919.4
26.183	298.8	-911.6
26.216	311.7	-906.5
26.250	316.8	-904.9
26.283	313.7	-906.4
26.316	302.7	-911.5
26.350	283.5	-919.3
26.383	257.6	-928.8
26.416	219.7	-941.9
26.450	178.2	-952.7
26.483	131.8	-962.6
26.516	81.46	-970.7
26.550	28.66	-976.8
26.583	-25.09	-979.5
26.616	-76.85	-979.6
26.650	-129.1	-977.4
26.683	-175.4	-973.1
26.717	-213.8	-967.3
26.750	-245.7	-961.9
26.783	-264.7	-957.4
26.817	-278.3	-954.5
26.850	-279.6	-953.6
26.883	-277.4	-954.8
26.917	-260.3	-957.5
26.950	-235.1	-961.9
26.983	-202.3	-966.9
27.017	-162.8	-971.8
27.050	-118.8	-975.3
27.083	-70.51	-977.3
27.117	-18.92	-977.1
27.150	32.93	-973.9
27.183	82.45	-968.3
27.217	130.8	-960.7
27.250	175.2	-951.5
27.284	214.9	-941.7
27.317	245.8	-932.6
27.350	273.2	-923.8
27.384	293.0	-916.8
27.417	304.6	-912.6
27.450	308.1	-911.8
27.484	303.9	-913.7
27.517	293.6	-917.6
27.550	274.9	-924.8
27.584	248.5	-933.6
27.617	212.9	-944.7
27.650	170.6	-955.5
27.684	124.8	-964.9
27.717	73.90	-972.7
27.751	21.49	-977.8
27.784	-33.17	-980.5
27.817	-84.33	-979.9
27.851	-135.5	-977.3
27.884	-180.1	-972.8
27.917	-218.2	-967.2
27.951	-249.4	-961.8
27.984	-268.8	-957.3
28.017	-279.6	-954.6
28.051	-282.8	-953.7
28.084	-277.0	-954.8
28.117	-261.2	-957.8
28.151	-235.4	-962.0
28.184	-200.3	-967.1
28.217	-159.2	-971.8
28.251	-114.5	-975.2
28.284	-65.11	-977.2
28.318	-14.55	-976.6
28.351	36.78	-973.4
28.384	88.00	-967.8
28.418	136.2	-960.0
28.451	179.8	-950.7
28.484	218.7	-940.5
28.518	249.7	-931.6
28.551	274.6	-923.6
28.584	292.6	-917.6
28.618	304.1	-913.8
28.651	307.3	-912.5
28.684	303.2	-914.8
28.718	290.7	-919.6
28.751	271.0	-926.8
28.784	244.0	-935.8
28.818	207.5	-946.6
28.851	166.5	-956.8
28.885	119.8	-966.0
28.918	68.24	-973.5
28.951	14.42	-978.5
28.985	-39.25	-980.5
29.018	-91.79	-979.7
29.051	-140.0	-976.7
29.085	-184.5	-971.8
29.118	-222.1	-965.9
29.151	-249.3	-960.4
29.185	-272.3	-955.9
29.218	-284.0	-952.9
29.251	-286.4	-952.0
29.285	-279.4	-952.9
29.318	-259.9	-956.4
29.351	-236.2	-960.8
29.385	-202.6	-965.9
29.418	-160.7	-970.8
29.452	-113.4	-974.4
29.485	-62.70	-976.1
29.518	-9.942	-975.0
29.552	39.17	-971.7
29.585	90.47	-965.8
29.618	138.9	-957.9
29.652	182.0	-948.7
29.685	220.8	-938.7
29.718	251.7	-929.7
29.752	276.7	-921.7
29.785	294.4	-915.6
29.818	303.6	-912.6
29.852	307.0	-911.8
29.885	300.6	-914.6
29.919	288.0	-919.7
29.952	266.1	-927.8
29.985	238.1	-936.8
30.019	202.7	-946.8
30.052	160.7	-956.8
30.085	112.9	-965.9
30.119	62.61	-972.7
30.152	8.395	-977.4
30.185	-42.89	-979.0
30.219	-94.33	-977.7
30.252	-142.7	-974.5
30.285	-185.6	-969.5
30.319	-222.2	-963.9
30.352	-249.7	-958.6
30.385	-262.9	-954.4
30.419	-277.3	-951.9
30.452	-277.0	-951.4
30.486	-269.2	-953.1
30.519	-250.2	-956.3
30.552	-223.8	-960.9
30.586	-189.4	-965.9
30.619	-148.4	-970.4
30.652	-102.4	-973.8
30.686	-52.96	-975.1
30.719	-1.789	-974.0
30.752	47.70	-970.3
30.786	98.09	-964.6
30.819	145.2	-956.9
30.852	187.5	-947.6
30.886	225.9	-937.7
30.919	256.5	-928.5
30.952	279.4	-921.5
30.986	296.9	-915.8
31.019	306.0	-912.8
31.053	307.2	-912.8
31.086	300.5	-915.5
31.119	287.3	-920.5
31.153	265.5	-928.6
31.186	235.2	-938.7
31.219	198.3	-948.8
31.253	156.1	-958.9
31.286	107.1	-967.6
31.319	57.56	-974.0
31.353	4.842	-977.9
31.386	-46.97	-979.1
31.419	-98.50	-977.5
31.453	-142.9	-974.0
31.486	-186.3	-968.8
31.519	-221.1	-963.1
31.553	-246.7	-957.5
31.586	-267.1	-953.7
31.620	-277.5	-951.0
31.653	-276.7	-950.8
31.686	-265.1	-952.7
31.720	-246.0	-956.0
31.753	-218.0	-960.5
31.786	-183.2	-965.4
31.820	-140.7	-970.1
31.853	-94.65	-973.1
31.886	-46.16	-974.2
31.920	5.130	-973.1
31.953	56.04	-969.1
31.986	105.3	-962.8
32.020	152.3	-954.6
32.053	194.1	-945.8
32.087	237.0	-932.7
32.120	266.5	-923.5
32.153	289.8	-915.5
32.187	306.0	-909.9
32.220	313.9	-907.0
32.253	314.3	-906.7
32.287	306.9	-910.6
32.320	292.0	-917.1
32.353	267.9	-925.8
32.387	237.0	-935.9
32.420	194.7	-948.8
32.453	151.5	-958.5
32.487	103.9	-966.9
32.520	53.56	-973.0
32.553	0.995	-976.6
32.587	-51.23	-977.5
32.620	-99.54	-975.8
32.654	-145.2	-971.9
32.687	-185.8	-966.7
32.720	-220.8	-960.9
32.754	-245.7	-955.7
32.787	-260.4	-951.8
32.820	-267.1	-949.5
32.854	-265.9	-949.6
32.887	-255.1	-951.5
32.920	-236.6	-955.0
32.954	-209.0	-959.2
32.987	-174.8	-964.6
33.020	-134.3	-968.8
33.054	-88.20	-971.8
33.087	-40.12	-973.0
33.120	9.898	-971.3
33.154	60.37	-967.5
33.187	110.2	-961.6
33.221	155.8	-953.7
33.254	197.4	-944.4
33.287	237.7	-932.5
33.321	267.5	-923.4
33.354	290.7	-915.8
33.387	305.7	-910.2
33.421	312.8	-908.3
33.454	312.6	-908.9
33.487	304.3	-912.6
33.521	287.6	-919.6
33.554	262.9	-928.6
33.587	229.3	-939.7
33.621	190.3	-950.7
33.654	146.1	-960.5
33.688	98.10	-968.8
33.721	46.58	-974.5
33.754	-4.992	-977.8
33.788	-56.55	-978.0
33.821	-105.5	-975.7
33.854	-149.5	-971.7
33.888	-188.1	-966.1
33.921	-220.1	-960.2
33.954	-243.4	-955.6
33.988	-259.3	-951.9
34.021	-265.5	-949.7
34.054	-263.4	-949.9
34.088	-252.4	-951.9
34.121	-231.5	-955.5
34.154	-204.0	-960.5
34.188	-169.8	-965.1
34.221	-127.6	-969.1
34.255	-82.26	-971.7
34.288	-33.92	-972.6
34.321	15.43	-971.2
34.355	66.45	-967.4
34.388	115.2	-961.5
34.421	160.6	-953.6
34.455	201.5	-944.4
34.488	241.5	-932.4
34.521	270.3	-923.2
34.555	292.8	-916.3
34.588	306.9	-911.6
34.621	313.2	-909.7
34.655	311.6	-910.7
34.688	301.8	-915.4
34.721	284.0	-922.7
34.755	258.6	-931.6
34.788	223.8	-943.0
34.822	184.6	-952.9
34.855	140.1	-962.5
34.888	92.43	-969.9
34.922	41.38	-975.3
34.955	-10.60	-978.2
34.988	-61.45	-978.5
35.022	-108.7	-976.1
35.055	-153.0	-971.5
35.088	-191.2	-965.9
35.122	-221.3	-960.3
35.155	-244.1	-955.3
35.188	-259.3	-952.0
35.222	-264.3	-950.1
35.255	-260.5	-950.5
35.288	-249.4	-952.8
35.322	-228.6	-956.7
35.355	-200.1	-961.4
35.389	-163.9	-966.4
35.422	-123.2	-970.5
35.455	-77.71	-973.3
35.489	-28.81	-974.3
35.522	21.35	-972.7
35.555	71.60	-968.7
35.589	119.3	-962.3
35.622	164.6	-954.5
35.655	205.4	-945.3
35.689	243.5	-934.4
35.722	272.2	-926.1
35.755	293.5	-918.3
35.789	307.5	-913.7
35.822	312.8	-912.4
35.856	310.6	-913.7
35.889	300.2	-918.8
35.922	281.4	-925.7
35.956	255.8	-934.6
35.989	219.4	-946.3
36.022	180.0	-956.6
36.056	135.0	-965.7
36.089	86.76	-972.7
36.122	35.54	-977.9
36.156	-17.07	-980.0
36.189	-68.13	-979.4
36.222	-114.7	-976.9
36.256	-157.8	-971.9
36.289	-194.7	-965.9
36.322	-223.5	-960.2
36.356	-245.1	-955.9
36.389	-258.4	-952.4
36.423	-261.7	-951.5
36.456	-257.2	-951.8
36.489	-243.3	-954.2
36.523	-222.1	-958.4
36.556	-192.7	-963.3
36.589	-157.5	-968.0
36.623	-115.5	-971.4
36.656	-69.98	-974.4
36.689	-21.81	-975.0
36.723	27.93	-973.1
36.756	77.25	-968.6
36.789	125.6	-962.1
36.823	169.8	-953.9
36.856	210.2	-944.7
36.889	247.9	-933.6
36.923	275.2	-925.2
36.956	296.3	-918.5
36.990	308.7	-914.5
37.023	313.6	-912.9
37.056	310.5	-914.6
37.090	299.3	-919.3
37.123	280.5	-926.7
37.156	253.6	-935.8
37.190	216.3	-947.9
37.223	176.3	-957.5
37.256	131.3	-966.2
37.290	82.73	-973.6
37.323	30.95	-978.4
37.356	-21.34	-980.6
37.390	-70.86	-979.6
37.423	-118.2	-976.0
37.457	-159.9	-971.1
37.490	-195.4	-965.5
37.523	-223.3	-959.8
37.557	-244.7	-955.1
37.590	-256.2	-951.6
37.623	-258.8	-950.7
37.657	-253.3	-951.2
37.690	-238.5	-954.2
37.723	-215.5	-958.4
37.757	-186.9	-963.3
37.790	-150.4	-968.1
37.823	-108.8	-971.8
37.857	-63.54	-974.0
37.890	-15.47	-974.1
37.923	34.15	-972.0
37.957	83.10	-967.5
37.990	130.2	-960.9
38.024	174.4	-952.7
38.057	214.1	-943.8
38.090	250.9	-932.5
38.124	277.4	-924.3
38.157	297.1	-918.5
38.190	308.7	-914.6
38.224	312.6	-913.6
38.257	308.7	-915.7
38.290	296.7	-920.9
38.324	275.9	-928.7
38.357	248.5	-937.3
38.390	210.8	-949.5
38.424	169.2	-959.5
38.457	123.3	-967.8
38.490	73.36	-974.5
38.524	22.21	-978.6
38.557	-28.75	-979.7
38.591	-81.58	-978.5
38.624	-125.5	-974.8
38.657	-170.9	-969.7
38.691	-207.1	-963.7
38.724	-235.3	-957.9
38.757	-253.8	-953.2
38.791	-265.0	-950.6
38.824	-266.4	-949.7
38.857	-258.3	-950.9
38.891	-241.3	-953.7
38.924	-217.4	-957.9
38.957	-186.2	-962.9
38.991	-148.3	-967.4
39.024	-105.1	-971.2
39.057	-59.15	-973.7
39.091	-11.07	-973.8
39.124	38.27	-971.5
39.158	87.70	-967.1
39.191	134.0	-960.6
39.224	177.4	-952.5
39.258	216.4	-943.9
39.291	252.0	-933.7
39.324	277.8	-925.7
39.358	296.9	-919.6
39.391	307.5	-916.2
39.424	310.7	-915.7
39.458	305.3	-918.2
39.491	291.6	-924.4
39.524	270.6	-931.8
39.558	242.8	-940.9
39.591	204.8	-951.9
39.625	162.5	-961.4
39.658	115.6	-969.6
39.691	66.31	-975.5
39.725	13.99	-979.3
39.758	-36.63	-980.0
39.791	-88.30	-978.3
39.825	-135.0	-974.6
39.858	-176.8	-969.0
39.891	-211.4	-962.7
39.925	-233.0	-957.3
39.958	-256.5	-953.0
39.991	-258.5	-950.4
40.025	-262.2	-949.9
40.058	-256.3	-951.0
40.091	-238.0	-953.8
40.125	-212.6	-958.4
40.158	-180.2	-963.7
40.192	-141.2	-968.2
40.225	-99.08	-971.4
40.258	-52.68	-973.6
40.292	-4.267	-973.6
40.325	43.43	-971.4
40.358	93.17	-966.9
40.392	138.8	-960.5
40.425	181.6	-952.5
40.458	218.7	-944.4
40.492	249.6	-936.6
40.525	274.5	-929.5
40.558	291.8	-924.7
40.592	301.7	-921.7
40.625	303.7	-921.6
40.658	298.9	-923.7
40.692	285.3	-928.5
40.725	262.7	-936.6
40.759	234.7	-944.7
40.792	197.5	-954.5
40.825	155.0	-963.7
40.859	107.5	-971.4
40.892	58.55	-976.8
40.925	6.873	-979.7
40.959	-43.30	-979.9
40.992	-95.06	-977.6
41.025	-141.2	-973.7
41.059	-180.8	-967.9
41.092	-214.4	-961.8
41.125	-238.4	-956.3
41.159	-257.7	-952.0
41.192	-264.2	-949.7
41.226	-265.2	-949.0
41.259	-254.6	-950.7
41.292	-237.0	-953.8
41.326	-209.8	-958.6
41.359	-177.5	-963.8
41.392	-136.9	-968.3
41.426	-93.87	-972.0
41.459	-46.96	-973.8
41.492	1.070	-973.6
41.526	50.34	-970.9
41.559	96.62	-966.4
41.592	144.3	-959.7
41.626	186.7	-952.0
41.659	222.9	-943.5
41.692	251.6	-936.6
41.726	275.9	-929.8
41.759	292.8	-924.7
41.793	300.7	-922.6
41.826	302.2	-922.5
41.859	295.4	-925.5
41.893	281.4	-930.6
41.926	257.8	-938.6
41.959	229.3	-946.6
41.993	190.6	-956.5
42.026	148.4	-964.9
42.059	101.4	-972.0
42.093	51.74	-976.9
42.126	-0.309	-979.4
42.159	-49.39	-978.9
42.193	-100.3	-976.5
42.226	-144.3	-972.2
42.259	-183.7	-966.7
42.293	-215.1	-960.7
42.326	-238.9	-955.3
42.360	-254.3	-951.6
42.393	-260.1	-949.5
42.426	-258.0	-949.5
42.460	-247.1	-951.4
42.493	-227.6	-954.8
42.526	-201.0	-959.4
42.560	-166.7	-964.6
42.593	-128.1	-969.1
42.626	-85.27	-972.4
42.660	-37.67	-974.1
42.693	9.857	-973.5
42.726	58.62	-970.9
42.760	106.4	-966.0
42.793	150.8	-959.4
42.826	192.1	-951.9
42.860	229.4	-942.7
42.893	262.4	-932.3
42.927	285.7	-925.6
42.960	301.5	-920.5
42.993	309.3	-918.3
43.027	309.7	-918.9
43.060	301.6	-922.4
43.093	285.5	-928.5
43.127	261.5	-936.6
43.160	225.4	-948.6
43.193	187.2	-957.8
43.227	143.8	-966.4
43.260	95.48	-973.5
43.293	45.66	-978.0
43.327	-4.369	-979.7
43.360	-53.87	-978.6
43.394	-99.44	-975.8
43.427	-141.7	-971.0
43.460	-177.7	-965.1
43.494	-207.5	-959.4
43.527	-229.2	-954.2
43.560	-242.8	-950.5
43.594	-249.9	-948.9
43.627	-247.3	-948.9
43.660	-236.0	-950.5
43.694	-217.0	-954.4
43.727	-191.0	-959.0
43.760	-158.2	-963.9
43.794	-119.0	-968.2
43.827	-75.86	-971.3
43.860	-29.66	-973.2
43.894	18.94	-972.9
43.927	66.60	-969.9
43.961	113.8	-964.9
43.994	158.3	-957.9
44.027	198.8	-950.0
44.061	239.9	-937.9
44.094	268.4	-929.7
44.127	290.3	-922.8
44.161	304.5	-918.6
44.194	311.3	-916.6
44.227	310.5	-917.5
44.261	301.5	-921.4
44.294	284.8	-927.9
44.327	260.1	-936.1
44.361	221.7	-948.7
44.394	182.5	-957.9
44.427	138.5	-966.3
44.461	90.70	-972.5
44.494	40.78	-976.7
44.528	-9.173	-978.3
44.561	-57.47	-977.2
44.594	-102.4	-974.3
44.628	-143.5	-969.6
44.661	-178.5	-964.0
44.694	-206.4	-958.0
44.728	-227.0	-953.2
44.761	-239.8	-949.7
44.794	-245.7	-948.0
44.828	-241.6	-948.0
44.861	-229.5	-950.2
44.894	-209.7	-954.4
44.928	-182.6	-958.9
44.961	-148.9	-963.6
44.995	-110.4	-967.9
45.028	-66.74	-970.4
45.061	-20.49	-972.5
45.095	27.56	-971.6
45.128	75.57	-968.7
45.161	122.0	-963.9
45.195	165.6	-956.8
45.228	205.4	-948.6
45.261	245.5	-937.0
45.295	272.9	-929.4
45.328	292.8	-923.7
45.361	306.0	-919.5
45.395	311.4	-917.9
45.428	309.4	-919.1
45.461	299.5	-923.1
45.495	281.6	-929.4
45.528	256.2	-938.0
45.562	216.5	-950.5
45.595	176.6	-959.5
45.628	133.0	-967.2
45.662	84.76	-972.9
45.695	34.86	-976.3
45.728	-14.88	-978.0
45.762	-62.65	-976.2
45.795	-107.0	-973.0
45.828	-146.9	-967.8
45.862	-181.0	-962.1
45.895	-209.8	-955.8
45.928	-229.2	-951.2
45.962	-241.4	-948.5
45.995	-245.3	-947.2
46.028	-240.5	-947.8
46.062	-227.2	-950.1
46.095	-207.1	-954.1
46.129	-178.5	-958.7
46.162	-144.7	-963.5
46.195	-105.4	-967.8
46.229	-61.56	-970.7
46.262	-14.60	-971.8
46.295	33.73	-971.0
46.329	81.66	-967.4
46.362	127.9	-962.4
46.395	170.8	-955.9
46.429	209.8	-948.0
46.462	248.1	-936.7
46.495	274.7	-929.3
46.529	294.1	-923.9
46.562	305.9	-919.9
46.595	310.1	-918.9
46.629	306.4	-920.3
46.662	295.5	-924.9
46.696	276.4	-931.7
46.729	250.1	-939.9
46.762	209.9	-952.2
46.796	169.4	-960.3
46.829	124.4	-968.2
46.862	77.21	-973.8
46.896	27.39	-976.8
46.929	-21.70	-977.4
46.962	-68.57	-975.6
46.996	-112.2	-972.1
47.029	-152.2	-966.5
47.062	-184.7	-960.9
47.096	-211.2	-955.0
47.129	-229.7	-950.4
47.163	-240.9	-947.5
47.196	-243.4	-946.5
47.229	-237.4	-947.4
47.263	-223.4	-950.4
47.296	-201.3	-954.4
47.329	-173.3	-959.5
47.363	-139.2	-964.4
47.396	-99.60	-968.5
47.429	-55.51	-971.6
47.463	-8.992	-972.6
47.496	38.88	-971.6
47.529	86.75	-968.1
47.563	132.5	-962.6
47.596	175.7	-955.7
47.629	214.0	-948.0
47.663	250.4	-937.4
47.696	276.7	-930.3
47.730	295.5	-924.9
47.763	306.3	-921.4
47.796	310.0	-921.1
47.830	304.8	-923.3
47.863	292.1	-928.6
47.896	270.2	-936.1
47.930	241.5	-944.3
47.963	203.5	-955.1
47.996	162.5	-963.3
48.030	118.0	-970.5
48.063	69.65	-975.8
48.096	19.50	-978.3
48.130	-29.53	-978.6
48.163	-76.50	-976.4
48.196	-121.1	-972.3
48.230	-160.7	-966.7
48.263	-192.3	-960.8
48.297	-218.5	-955.0
48.330	-235.4	-950.4
48.363	-244.7	-948.0
48.397	-245.6	-946.8
48.430	-238.4	-947.7
48.463	-223.6	-950.7
48.497	-199.7	-955.1
48.530	-170.9	-959.7
48.563	-136.1	-964.7
48.597	-95.13	-968.7
48.630	-51.11	-971.5
48.663	-4.487	-972.5
48.697	43.23	-971.3
48.730	90.04	-968.4
48.764	135.9	-963.0
48.797	178.5	-955.7
48.830	215.6	-948.4
48.864	250.0	-939.6
48.897	275.4	-932.3
48.930	294.5	-926.7
48.964	304.9	-923.8
48.997	306.8	-923.7
49.030	300.6	-926.4
49.064	286.6	-931.8
49.097	263.5	-939.3
49.130	235.0	-947.9
49.164	196.9	-957.6
49.197	155.5	-965.5
49.230	110.3	-971.9
49.264	61.69	-976.6
49.297	11.82	-978.9
49.331	-36.91	-978.5
49.364	-84.01	-975.8
49.397	-126.5	-971.0
49.431	-166.8	-965.4
49.464	-199.2	-959.5
49.497	-223.5	-954.0
49.531	-237.5	-949.4
49.564	-244.3	-947.1
49.597	-245.8	-946.3
49.631	-237.5	-948.0
49.664	-221.6	-950.9
49.697	-198.2	-955.4
49.731	-168.4	-960.6
49.764	-130.7	-965.5
49.797	-90.33	-969.6
49.831	-45.22	-972.0
49.864	1.362	-972.7
49.898	48.76	-971.3
49.931	95.98	-967.9
49.964	140.7	-962.4
49.998	182.5	-955.5
50.031	219.1	-948.5
50.064	249.0	-941.8
50.098	272.6	-935.6
50.131	288.7	-931.6
50.164	297.4	-929.5
50.198	299.0	-929.8
50.231	291.7	-932.6
50.264	276.8	-937.6
50.298	255.8	-943.7
50.331	225.8	-951.7
50.364	189.7	-959.7
50.398	147.6	-967.4
50.431	102.2	-973.6
50.465	53.41	-977.8
50.498	3.047	-979.4
50.531	-46.07	-978.7
50.565	-92.60	-975.5
50.598	-135.8	-970.8
50.631	-174.4	-964.9
50.665	-204.7	-958.7
50.698	-226.5	-953.4
50.731	-236.6	-949.4
50.765	-243.6	-947.0
50.798	-242.4	-946.8
50.831	-233.6	-948.4
50.865	-218.3	-951.9
50.898	-193.4	-956.5
50.932	-162.1	-961.6
50.965	-125.6	-966.5
50.998	-84.21	-970.5
51.032	-39.08	-972.9
51.065	6.937	-973.4
51.098	54.49	-971.9
51.132	101.5	-968.0
51.165	146.6	-962.0
51.198	187.3	-955.2
51.232	224.3	-947.7
51.265	256.1	-939.7
51.298	280.5	-932.3
51.332	297.1	-927.8
51.365	304.7	-925.5
51.398	304.5	-926.2
51.432	296.7	-929.7
51.465	280.1	-935.8
51.499	254.9	-943.6
51.532	222.4	-952.4
51.565	185.4	-960.8
51.599	143.8	-968.0
51.632	97.17	-973.9
51.665	47.57	-977.6
51.699	-1.482	-978.7
51.732	-50.32	-977.5
51.765	-96.47	-974.0
51.799	-137.1	-968.7
51.832	-172.5	-962.9
51.865	-203.6	-956.7
51.899	-222.4	-951.4
51.932	-236.4	-947.8
51.965	-241.7	-946.0
51.999	-239.1	-945.8
52.032	-229.5	-947.7
52.066	-212.6	-951.3
52.099	-187.3	-956.4
52.132	-155.6	-961.6
52.166	-118.3	-966.3
52.199	-76.25	-970.4
52.232	-31.54	-972.8
52.266	15.12	-973.0
52.299	61.82	-971.0
52.332	108.1	-966.9
52.366	151.5	-961.3
52.399	192.1	-954.7
52.432	226.9	-947.6
52.466	254.1	-941.8
52.499	276.8	-935.7
52.532	291.6	-931.6
52.566	297.7	-930.6
52.599	298.0	-930.8
52.633	289.7	-933.7
52.666	271.8	-939.6
52.699	249.4	-945.6
52.733	215.6	-954.5
52.766	177.5	-962.5
52.799	134.4	-969.6
52.833	88.17	-975.0
52.866	38.93	-978.0
52.899	-10.79	-978.5
52.933	-59.16	-976.8
52.966	-103.3	-972.9
52.999	-146.1	-967.4
53.033	-180.4	-961.7
53.066	-208.6	-955.7
53.100	-228.4	-950.6
53.133	-241.9	-946.9
53.166	-245.0	-945.4
53.200	-242.1	-945.8
53.233	-230.7	-947.9
53.266	-211.2	-951.6
53.300	-184.8	-956.6
53.333	-152.1	-961.9
53.366	-114.2	-966.7
53.400	-70.44	-970.3
53.433	-26.07	-972.5
53.466	21.91	-972.6
53.500	67.66	-970.7
53.533	114.0	-966.8
53.566	157.5	-960.9
53.600	197.2	-953.8
53.633	231.6	-946.6
53.667	258.4	-940.5
53.700	278.8	-935.6
53.733	293.5	-931.6
53.767	298.9	-930.7
53.800	297.1	-931.8
53.833	287.8	-934.8
53.867	268.9	-940.7
53.900	243.6	-947.6
53.933	210.4	-955.7
53.967	170.6	-963.7
54.000	126.9	-970.5
54.033	79.67	-975.5
54.067	30.02	-978.3
54.100	-20.90	-978.7
54.133	-68.06	-976.5
54.167	-112.0	-972.3
54.200	-152.2	-967.0
54.234	-186.2	-960.7
54.267	-213.3	-954.8
54.300	-233.2	-949.8
54.334	-243.3	-946.5
54.367	-245.0	-945.4
54.400	-242.3	-946.0
54.434	-227.8	-948.5
54.467	-208.3	-952.6
54.500	-180.5	-957.7
54.534	-147.5	-962.9
54.567	-107.8	-967.6
54.600	-64.79	-971.2
54.634	-21.30	-973.2
54.667	26.84	-973.5
54.701	72.33	-971.4
54.734	118.1	-967.6
54.767	161.6	-961.7
54.801	198.7	-955.6
54.834	232.3	-948.6
54.867	258.8	-942.7
54.901	278.7	-937.7
54.934	290.9	-934.7
54.967	295.7	-933.7
55.001	293.3	-934.6
55.034	282.1	-938.8
55.067	262.0	-944.7
55.101	235.3	-951.5
55.134	203.2	-958.9
55.167	162.2	-966.6
55.201	117.9	-972.7
55.234	71.26	-976.8
55.268	23.09	-978.9
55.301	-26.67	-978.5
55.334	-72.67	-976.0
55.368	-115.1	-971.5
55.401	-154.7	-965.7
55.434	-186.8	-959.7
55.468	-213.5	-953.9
55.501	-229.2	-949.3
55.534	-236.6	-946.5
55.568	-238.2	-945.6
55.601	-232.6	-946.4
55.634	-220.0	-949.2
55.668	-200.8	-953.6
55.701	-171.0	-958.9
55.734	-138.2	-963.8
55.768	-99.39	-968.3
55.801	-54.90	-971.8
55.835	-9.985	-973.5
55.868	36.24	-973.3
55.901	83.69	-970.7
55.935	128.0	-966.7
55.968	170.4	-960.7
56.001	208.2	-953.9
56.035	238.4	-947.5
56.068	264.1	-941.8
56.101	281.6	-937.5
56.135	293.2	-934.9
56.168	295.3	-934.4
56.201	290.7	-936.6
56.235	278.3	-940.5
56.268	257.9	-946.7
56.301	229.9	-953.7
56.335	196.2	-960.9
56.368	155.8	-967.8
56.402	110.9	-973.7
56.435	63.83	-977.6
56.468	14.55	-979.3
56.502	-33.14	-978.7
56.535	-79.11	-975.7
56.568	-121.4	-970.9
56.602	-159.3	-965.0
56.635	-191.0	-958.6
56.668	-215.9	-953.0
56.702	-231.2	-948.5
56.735	-240.9	-945.8
56.768	-242.6	-944.9
56.802	-236.0	-945.8
56.835	-221.8	-948.8
56.869	-198.3	-953.5
56.902	-170.1	-958.6
56.935	-136.5	-963.8
56.969	-96.02	-968.4
57.002	-53.20	-971.8
57.035	-7.437	-973.3
57.069	41.01	-973.0
57.102	85.98	-970.4
57.135	129.5	-966.5
57.169	171.6	-960.7
57.202	207.2	-954.5
57.235	237.8	-948.6
57.269	263.3	-942.6
57.302	280.3	-938.5
57.335	289.7	-936.6
57.369	291.6	-936.6
57.402	286.1	-938.8
57.436	272.6	-942.7
57.469	251.0	-948.8
57.502	222.1	-955.7
57.536	187.0	-962.7
57.569	145.7	-969.6
57.602	101.7	-974.7
57.636	55.68	-977.8
57.669	7.538	-978.7
57.702	-40.12	-977.7
57.736	-85.65	-974.5
57.769	-127.5	-969.5
57.802	-163.2	-963.8
57.836	-194.1	-957.9
57.869	-217.6	-952.0
57.902	-232.2	-947.8
57.936	-238.8	-945.4
57.969	-239.5	-944.7
58.003	-230.5	-946.3
58.036	-215.4	-949.7
58.069	-191.9	-954.3
58.103	-162.4	-959.6
58.136	-128.0	-964.8
58.169	-88.09	-969.3
58.203	-44.74	-972.6
58.236	2.034	-973.9
58.269	49.15	-972.9
58.303	95.28	-969.8
58.336	138.5	-965.4
58.369	179.8	-959.6
58.403	216.9	-952.8
58.436	246.1	-946.8
58.470	268.4	-941.5
58.503	285.1	-937.8
58.536	293.3	-935.5
58.570	294.9	-935.8
58.603	286.8	-938.6
58.636	272.6	-942.6
58.670	250.7	-948.7
58.703	220.8	-955.7
58.736	184.7	-962.8
58.770	143.4	-969.6
58.803	98.70	-974.7
58.836	52.47	-977.8
58.870	5.285	-977.9
58.903	-42.43	-976.6
58.936	-85.31	-973.0
58.970	-126.0	-967.7
59.003	-160.3	-961.8
59.037	-189.9	-956.0
59.070	-211.7	-950.3
59.103	-225.1	-946.6
59.137	-231.5	-944.6
59.170	-230.5	-944.4
59.203	-222.7	-946.3
59.237	-207.3	-949.8
59.270	-184.3	-954.6
