	mass A		
t	x	y	
0.000	224.5	-717.5
0.033	205.1	-723.7
0.067	175.9	-731.5
0.100	139.0	-740.7
0.133		
0.167	61.41	-756.4
0.200		
0.233	-55.65	-759.5
0.267	-101.1	-757.4
0.300	-163.4	-747.4
0.334	-205.0	-739.5
0.367	-237.7	-731.5
0.400	-270.3	-721.4
0.434	-274.6	-721.5
0.467	-275.3	-721.4
0.500	-266.2	-724.4
0.534	-248.5	-729.5
0.567	-213.6	-739.5
0.600	-175.2	-747.4
0.634	-128.3	-755.4
0.667	-80.19	-759.4
0.700	-26.57	-761.6
0.734	28.37	-759.4
0.767	76.24	-753.8
0.800	124.6	-746.2
0.834	164.6	-737.5
0.867	195.7	-728.4
0.901	219.2	-721.8
0.934	232.1	-716.8
0.967	235.6	-715.4
1.001	229.1	-717.6
1.034	211.8	-722.7
1.067	185.5	-730.5
1.101	150.5	-739.8
1.134	108.1	-747.8
1.167	59.28	-754.6
1.201	5.549	-758.6
1.234	-49.07	-759.3
1.267	-102.6	-756.5
1.301	-156.5	-748.5
1.334	-203.4	-739.6
1.367	-238.1	-731.2
1.401	-267.7	-722.6
1.434	-282.9	-718.7
1.468	-286.6	-717.6
1.501	-278.8	-720.5
1.534	-257.6	-727.5
1.568	-229.2	-735.4
1.601	-191.0	-744.7
1.634	-141.9	-753.6
1.668	-91.44	-759.5
1.701	-37.88	-762.6
1.734	17.75	-761.4
1.768	69.55	-756.5
1.801	118.3	-749.6
1.834	159.8	-740.8
1.868	194.1	-731.4
1.901	220.1	-723.6
1.934	235.3	-718.2
1.968	241.1	-715.8
2.001	236.6	-716.8
2.035	222.5	-721.5
2.068	198.4	-728.6
2.101	165.5	-737.2
2.135	124.7	-746.2
2.168	75.87	-753.7
2.201	23.55	-758.6
2.235	-32.79	-760.3
2.268	-88.42	-757.8
2.301	-140.5	-751.3
2.335	-188.9	-742.6
2.368	-227.9	-733.5
2.401	-257.3	-725.4
2.435	-276.1	-720.2
2.468	-272.5	-721.5
2.501	-267.1	-723.4
2.535	-251.3	-728.4
2.568	-233.9	-733.6
2.602	-197.1	-742.4
2.635	-151.7	-751.4
2.668	-105.5	-757.7
2.702	-49.89	-761.4
2.735	5.791	-761.7
2.768	57.14	-757.9
2.802	107.2	-751.3
2.835	150.2	-743.0
2.868	186.3	-734.2
2.902	213.6	-726.0
2.935	231.9	-720.2
2.968	239.4	-717.4
3.002	238.0	-717.4
3.035	226.4	-721.1
3.068	204.8	-727.7
3.102	173.8	-735.7
3.135	135.0	-744.4
3.169	89.15	-752.4
3.202	36.64	-757.5
3.235	-16.12	-759.4
3.269	-73.40	-758.5
3.302	-129.4	-752.5
3.335	-175.1	-745.3
3.369	-214.6	-737.5
3.402	-249.2	-728.4
3.435	-267.7	-723.5
3.469	-267.7	-723.5
3.502	-269.1	-723.4
3.535	-257.4	-727.5
3.569	-236.5	-733.5
3.602	-206.2	-741.4
3.635	-163.1	-750.4
3.669	-116.0	-757.7
3.702	-63.14	-761.4
3.736		
3.769		
3.802	93.53	-754.4
3.836	139.2	-746.5
3.869	176.8	-737.0
3.902	205.8	-728.5
3.936	226.2	-722.2
3.969	237.1	-718.3
4.002	238.2	-717.5
4.036	229.8	-720.2
4.069	210.7	-726.4
4.102	182.3	-734.2
4.136	144.9	-743.1
4.169	101.8	-751.5
4.202	50.44	-757.7
4.236	-4.309	-760.7
4.269	-60.21	-760.4
4.303	-111.0	-756.6
4.336	-162.0	-749.3
4.369	-207.9	-740.5
4.403	-240.9	-732.6
4.436	-266.3	-725.4
4.469	-280.9	-721.6
4.503	-281.7	-721.5
4.536	-271.1	-725.3
4.569	-248.0	-732.3
4.603	-218.4	-740.4
4.636	-176.7	-749.5
4.669	-128.5	-757.3
4.703	-76.57	-762.3
4.736	-21.66	-764.3
4.769	32.41	-762.3
4.803	82.35	-757.1
4.836	127.8	-749.1
4.870	166.4	-740.6
4.903	197.6	-731.4
4.936	220.2	-724.3
4.970	232.5	-719.6
5.003	235.8	-718.1
5.036	229.4	-720.3
5.070	212.1	-724.9
5.103	187.1	-732.3
5.136	153.6	-741.3
5.170	110.8	-749.5
5.203	62.92	-756.4
5.236	9.136	-760.7
5.270	-44.79	-761.5
5.303	-99.27	-758.7
5.336	-151.0	-751.6
5.370	-195.7	-743.5
5.403	-234.1	-734.3
5.437	-263.3	-726.4
5.470	-280.7	-721.6
5.503	-285.6	-720.5
5.537	-279.7	-722.6
5.570	-259.4	-729.4
5.603	-230.5	-737.6
5.637	-191.1	-746.3
5.670	-143.9	-755.5
5.703	-93.16	-760.4
5.737	-39.31	-763.3
5.770	16.00	-762.4
5.803	66.36	-757.6
5.837	114.2	-750.2
5.870	152.5	-741.8
5.904	185.6	-732.8
5.937	210.4	-725.2
5.970	225.0	-719.7
6.004	231.0	-717.3
6.037	227.5	-718.3
6.070	213.4	-722.6
6.104	190.3	-729.6
6.137	158.5	-737.6
6.170	119.0	-746.2
6.204	71.82	-753.6
6.237	21.39	-758.6
6.270	-31.64	-760.6
6.304	-85.15	-758.4
6.337	-136.2	-753.2
6.370	-184.3	-745.5
6.404	-223.6	-737.6
6.437	-252.5	-730.4
6.471	-271.7	-725.5
6.504	-274.6	-725.5
6.537	-272.8	-726.6
6.571	-261.3	-729.4
6.604	-234.5	-737.4
6.637	-199.1	-745.4
6.671	-153.6	-754.5
6.704		
6.737	-52.07	-763.3
6.771	1.695	-763.5
6.804	54.98	-759.1
6.837	102.9	-753.1
6.871	144.1	-744.4
6.904	179.5	-735.4
6.937	205.7	-727.4
6.971	223.3	-721.4
7.004	230.8	-718.2
7.038	228.9	-718.4
7.071	217.2	-721.9
7.104	196.5	-727.7
7.138	167.5	-735.6
7.171	130.4	-744.4
7.204	84.89	-752.5
7.238	35.73	-757.7
7.271	-16.77	-760.5
7.304	-70.34	-759.4
7.338	-122.3	-755.3
7.371	-170.8	-748.6
7.404	-212.0	-740.6
7.438	-244.9	-732.6
7.471	-267.7	-726.6
7.504	-279.4	-723.3
7.538	-280.0	-723.7
7.571	-267.9	-727.7
7.605	-241.7	-735.5
7.638	-208.1	-743.4
7.671	-166.8	-751.6
7.705	-117.9	-758.6
7.738	-64.98	-762.6
7.771	-11.15	-763.3
7.805	42.82	-760.1
7.838	91.84	-754.1
7.871	134.6	-746.3
7.905	171.3	-737.4
7.938	199.1	-729.1
7.971	219.0	-722.5
8.005	228.2	-718.5
8.038	228.9	-717.5
8.071	220.2	-720.4
8.105	202.5	-726.0
8.138	174.9	-733.6
8.172	139.2	-742.3
8.205	98.16	-750.3
8.238	49.27	-756.5
8.272	-2.312	-759.8
8.305	-54.97	-760.3
8.338	-106.7	-757.6
8.372	-157.0	-750.4
8.405	-202.0	-742.3
8.438	-232.9	-736.6
8.472	-262.0	-728.7
8.505	-271.6	-726.6
8.538	-273.4	-726.4
8.572	-264.4	-729.4
8.605	-240.6	-736.5
8.638	-215.0	-742.5
8.672	-176.6	-750.5
8.705	-130.8	-757.6
8.739	-78.34	-762.4
8.772	-25.83	-763.8
8.805	29.16	-761.5
8.839	77.94	-756.1
8.872	122.9	-748.5
8.905	161.9	-739.4
8.939	189.6	-730.8
8.972	211.5	-723.5
9.005	224.2	-719.2
9.039	226.8	-717.6
9.072	220.8	-719.1
9.105	204.6	-723.8
9.139	180.2	-731.3
9.172	147.2	-739.9
9.205	106.8	-747.6
9.239	60.62	-754.3
9.272	10.07	-758.7
9.306	-42.98	-760.3
9.339	-94.36	-758.2
9.372	-145.0	-752.5
9.406	-189.3	-745.4
9.439	-228.1	-737.5
9.472	-256.5	-730.4
9.506	-272.8	-726.7
9.539		
9.572	-272.2	-727.3
9.606	-255.8	-732.6
9.639	-226.1	-740.3
9.672	-189.0	-748.3
9.706	-142.3	-756.4
9.739	-93.80	-761.7
9.772	-41.81	-763.8
9.806		
9.839	63.91	-757.4
9.873	110.1	-750.3
9.906	149.2	-741.7
9.939	180.8	-732.7
9.973	204.4	-725.4
10.006	218.4	-719.7
10.039	223.9	-717.1
10.073	219.7	-718.2
10.106	207.2	-722.2
10.139	185.1	-729.2
10.173	155.1	-737.5
10.206	116.8	-745.6
10.239	72.89	-753.3
10.273	24.43	-758.4
10.306	-26.80	-761.3
10.339	-80.36	-759.5
10.373	-130.3	-755.3
10.406	-179.6	-747.6
10.440	-220.3	-739.5
10.473	-251.0	-732.7
10.506	-269.8	-728.6
10.540	-277.9	-726.7
10.573	-273.5	-728.4
10.606	-261.4	-731.5
10.640	-236.0	-738.7
10.673	-197.8	-747.4
10.706	-154.1	-755.3
10.740	-106.4	-760.6
10.773	-54.61	-763.6
10.806	-1.620	-763.5
10.840	50.79	-759.3
10.873	97.27	-752.9
10.906	138.8	-744.1
10.940	172.7	-735.1
10.973	197.7	-727.4
11.007	213.6	-721.4
11.040	221.2	-718.4
11.073	219.7	-718.4
11.107	208.4	-721.5
11.140	189.2	-727.5
11.173	161.4	-735.2
11.207	126.0	-743.4
11.240	83.64	-751.6
11.273	36.80	-757.2
11.307	-13.26	-760.3
11.340	-67.83	-760.5
11.373	-116.8	-757.4
11.407	-166.6	-750.6
11.440	-207.4	-743.4
11.473	-240.0	-736.7
11.507	-266.3	-729.4
11.540		
11.574		
11.607	-264.7	-731.5
11.640	-239.9	-738.5
11.674	-205.6	-746.5
11.707	-163.8	-754.5
11.740	-118.6	-759.6
11.774	-66.89	-763.6
11.807	-12.82	-764.2
11.840	38.82	-760.7
11.874	85.76	-754.4
11.907	127.9	-746.4
11.940	163.1	-737.7
11.974	190.0	-729.5
12.007	208.6	-722.6
12.040	218.4	-718.7
12.074	218.7	-717.8
12.107	211.1	-720.3
12.141	193.8	-725.4
12.174	167.9	-732.5
12.207	134.3	-740.8
12.241	93.80	-748.3
12.274	48.66	-755.2
12.307	-1.582	-759.5
12.341	-53.04	-760.3
12.374	-105.5	-757.8
12.407	-155.9	-751.6
12.441	-198.6	-744.4
12.474	-233.9	-737.5
12.507	-252.0	-733.7
12.541	-260.7	-731.5
12.574	-262.4	-731.4
12.607	-256.2	-733.5
12.641	-242.8	-737.5
12.674	-209.3	-745.4
12.708	-172.8	-752.5
12.741	-128.4	-758.6
12.774	-76.21	-763.2
12.808	-24.66	-764.3
12.841	26.57	-761.7
12.874	74.96	-756.1
12.908	118.0	-748.5
12.941	155.1	-740.1
12.974	183.3	-731.4
13.008	204.5	-724.5
13.041	216.4	-719.5
13.074	219.2	-718.3
13.108	212.9	-719.7
13.141	198.3	-724.1
13.174	175.1	-731.2
13.208	143.8	-739.5
13.241	105.7	-747.1
13.275	61.72	-754.5
13.308	12.16	-759.2
13.341	-38.37	-761.4
13.375	-91.09	-759.4
13.408	-141.5	-754.5
13.441	-186.8	-747.6
13.475	-226.8	-739.7
13.508	-253.4	-733.4
13.541	-271.3	-729.5
13.575	-277.0	-728.7
13.608	-270.5	-730.4
13.641	-249.9	-736.6
13.675	-221.4	-743.4
13.708	-186.3	-750.5
13.741	-141.7	-757.6
13.775	-91.07	-762.4
13.808	-39.42	-764.3
13.842	13.31	-763.1
13.875	62.89	-758.1
13.908	105.6	-750.8
13.942	143.2	-742.4
13.975	174.5	-733.7
14.008	196.8	-726.1
14.042	210.8	-720.5
14.075	214.9	-718.3
14.108	210.9	-718.7
14.142	198.9	-722.4
14.175	178.5	-729.1
14.208	148.7	-736.6
14.242	112.8	-745.0
14.275	68.64	-752.7
14.308	21.35	-757.8
14.342	-29.18	-760.4
14.375	-81.61	-759.4
14.409	-130.1	-756.3
14.442	-177.5	-749.3
14.475	-217.1	-742.2
14.509	-247.4	-736.5
14.542	-269.5	-730.4
14.575	-278.3	-728.5
14.609	-274.1	-730.2
14.642	-257.2	-735.3
14.675	-230.4	-742.3
14.709	-193.7	-750.4
14.742	-151.4	-757.4
14.775	-103.1	-762.5
14.809	-53.21	-764.5
14.842	-2.771	-763.7
14.875	48.28	-759.6
14.909	93.47	-753.4
14.942	132.8	-744.2
14.976	164.6	-735.8
15.009	188.3	-727.7
15.042	203.9	-721.6
15.076	211.4	-718.4
15.109	209.7	-718.4
15.142	199.9	-721.3
15.176	181.7	-727.3
15.209	154.5	-734.2
15.242	120.3	-742.7
15.276	79.83	-750.5
15.309	32.74	-756.3
15.342	-15.38	-760.2
15.376	-70.00	-760.4
15.409	-120.1	-757.5
15.442	-167.1	-751.4
15.476	-208.5	-744.4
15.509	-241.8	-737.6
15.543	-265.5	-731.5
15.576	-259.5	-734.5
15.609	-258.1	-735.4
15.643	-258.6	-735.5
15.676	-235.3	-741.4
15.709	-198.8	-749.5
15.743	-158.9	-756.6
15.776	-112.6	-761.6
15.809	-62.29	-764.4
15.843	-10.63	-764.3
15.876	38.17	-760.7
15.909	82.26	-754.6
15.943	124.3	-746.5
15.976	158.6	-737.5
16.009	183.5	-729.5
16.043	200.1	-722.6
16.076	210.2	-719.2
16.110	210.4	-718.5
16.143	202.3	-720.6
16.176	186.2	-725.8
16.210	161.9	-732.5
16.243	129.3	-740.8
16.276	89.76	-748.5
16.310	44.96	-754.5
16.343	-2.920	-759.4
16.376	-54.65	-760.5
16.410	-105.9	-758.4
16.443	-154.3	-753.3
16.476	-197.2	-746.5
16.510	-232.5	-739.5
16.543	-258.4	-733.5
16.576	-258.8	-734.5
16.610	-260.5	-734.5
16.643	-264.3	-733.4
16.677	-241.8	-739.5
16.710	-207.8	-747.5
16.743	-169.2	-754.5
16.777	-122.5	-760.3
16.810	-74.19	-763.6
16.843	-23.16	-764.3
16.877	27.42	-761.4
16.910	72.60	-755.6
16.943	113.5	-747.8
16.977	148.4	-739.2
17.010	175.1	-730.8
17.043	194.5	-723.8
17.077	205.6	-719.5
17.110	207.9	-717.5
17.144	202.0	-719.3
17.177	187.1	-723.8
17.210	165.4	-730.1
17.244	135.6	-738.3
17.277	98.69	-746.4
17.310	54.57	-753.3
17.344	8.114	-758.5
17.377	-42.59	-760.8
17.410	-95.10	-758.7
17.444	-142.2	-755.3
17.477	-186.8	-748.7
17.510	-224.4	-741.4
17.544	-251.8	-735.7
17.577	-269.3	-731.4
17.610	-274.9	-730.6
17.644	-267.9	-732.5
17.677	-249.1	-737.4
17.711	-219.3	-744.5
17.744	-180.6	-752.6
17.777	-136.1	-758.3
17.811	-87.22	-762.6
17.844	-37.02	-763.5
17.877	13.55	-761.8
17.911	61.64	-756.3
17.944	103.1	-749.3
17.977	139.0	-741.0
18.011	167.1	-732.6
18.044	188.8	-725.5
18.077	201.3	-720.4
18.111	205.5	-717.7
18.144	201.2	-718.7
18.177	189.6	-722.4
18.211	168.8	-728.4
18.244	140.4	-736.2
18.278	105.3	-744.6
18.311	63.84	-751.7
18.344	18.43	-757.4
18.378	-31.87	-760.6
18.411	-81.89	-759.6
18.444	-130.4	-756.5
18.478	-175.6	-750.6
18.511	-215.2	-743.5
18.544	-245.2	-737.3
18.578	-266.2	-732.3
18.611	-274.9	-730.8
18.644	-271.3	-731.5
18.678	-254.5	-736.5
18.711	-226.9	-743.4
18.744	-190.9	-750.7
18.778	-146.7	-757.5
18.811	-97.73	-762.3
18.845	-47.51	-764.3
18.878	3.413	-763.3
18.911	51.14	-758.5
18.945	94.79	-752.0
18.978	131.4	-743.5
19.011	160.7	-734.8
19.045	183.4	-727.3
19.078	197.5	-721.6
19.111	202.9	-718.6
19.145	200.7	-718.6
19.178	190.8	-721.6
19.211	173.4	-727.4
19.245	147.3	-734.6
19.278	113.5	-742.6
19.311	74.70	-750.7
19.345	29.74	-756.2
19.378	-18.66	-759.7
19.412	-68.94	-760.4
19.445	-116.3	-758.2
19.478	-164.5	-752.5
19.512	-204.0	-746.3
19.545	-237.9	-739.7
19.578	-257.6	-735.5
19.612	-261.3	-735.5
19.645	-262.0	-735.5
19.678	-251.5	-738.5
19.712	-230.6	-743.5
19.745	-196.5	-750.5
19.778	-154.5	-757.4
19.812	-107.7	-762.4
19.845	-59.00	-764.6
19.878	-9.107	-763.7
19.912	39.62	-759.6
19.945	83.27	-753.4
19.979	121.6	-744.7
20.012	153.1	-736.5
20.045	176.9	-728.4
20.079	192.5	-722.5
20.112	201.3	-719.2
20.145	200.6	-718.6
20.179	192.1	-720.8
20.212	176.2	-725.9
20.245	152.7	-732.3
20.279	120.3	-740.5
20.312	84.28	-748.4
20.345	41.55	-755.2
20.379	-5.540	-759.4
20.412	-56.29	-760.8
20.445	-106.1	-758.6
20.479	-150.7	-755.3
20.512	-193.7	-748.6
20.546	-229.5	-741.5
20.579	-254.3	-736.4
20.612	-269.7	-732.7
20.646	-271.3	-732.4
20.679	-261.3	-735.5
20.712	-241.0	-740.7
20.746	-206.2	-748.3
20.779	-167.3	-755.3
20.812	-122.2	-760.5
20.846	-73.24	-763.7
20.879	-23.09	-763.6
20.912	25.84	-760.2
20.946	70.42	-754.4
20.979	110.1	-747.2
21.012	143.4	-738.7
21.046	168.1	-729.9
21.079	187.4	-723.7
21.113	196.7	-719.3
21.146	198.2	-718.3
21.179	191.9	-719.6
21.213	177.8	-724.1
21.246	155.6	-731.1
21.279	127.0	-739.7
21.313	91.38	-746.7
21.346	49.94	-753.4
21.379	4.239	-758.5
21.413	-44.72	-760.8
21.446	-93.60	-759.6
21.479	-140.4	-756.2
21.513	-183.5	-750.5
21.546	-221.2	-743.4
21.579	-249.0	-737.7
21.613	-265.1	-734.2
21.646	-269.9	-733.6
21.680	-263.2	-735.3
21.713	-244.3	-740.3
21.746	-213.8	-747.5
21.780	-175.4	-754.5
21.813	-132.3	-759.6
21.846	-84.12	-763.4
21.880	-33.40	-764.1
21.913	15.05	-761.7
21.946	60.95	-756.1
21.980	101.4	-749.2
22.013	134.9	-740.6
22.046	162.7	-732.1
22.080	181.4	-725.6
22.113	193.1	-720.6
22.146	196.4	-718.7
22.180	192.7	-719.3
22.213	180.5	-723.4
22.247	160.3	-729.7
22.280	132.9	-736.5
22.313	99.28	-744.7
22.347	60.14	-752.2
22.380	15.40	-757.7
22.413	-30.46	-761.1
22.447	-80.13	-760.6
22.480	-128.9	-757.7
22.513	-174.1	-751.3
22.547	-212.3	-745.6
22.580	-242.8	-739.6
22.613	-261.4	-735.5
22.647	-269.8	-733.8
22.680	-266.4	-734.6
22.713	-250.4	-738.5
22.747	-221.8	-745.5
22.780	-185.8	-752.7
22.814	-143.2	-758.3
22.847	-95.67	-762.6
22.880	-45.78	-764.1
22.914	2.233	-762.8
22.947	49.55	-757.5
22.980	91.30	-751.1
23.014	126.3	-742.4
23.047	154.9	-733.6
23.080	175.2	-726.8
23.114	188.9	-721.3
23.147	193.7	-718.5
23.180	190.9	-718.5
23.214	181.1	-721.7
23.247	164.2	-727.4
23.280	139.0	-734.4
23.314	106.8	-742.5
23.347	68.41	-750.4
23.381	25.05	-755.9
23.414	-19.87	-760.2
23.447	-69.69	-760.7
23.481	-117.0	-758.6
23.514	-161.2	-754.3
23.547	-203.0	-747.7
23.581	-234.9	-741.5
23.614	-257.0	-736.8
23.647	-264.5	-735.4
23.681	-264.6	-735.5
23.714	-249.7	-739.5
23.747	-224.8	-745.4
23.781	-186.6	-753.4
23.814	-148.9	-758.5
23.847	-103.9	-762.6
23.881	-55.71	-764.5
23.914	-6.850	-763.5
23.948	40.73	-759.3
23.981	81.20	-752.8
24.014	118.1	-744.5
24.048	147.7	-735.8
24.081	170.6	-728.3
24.114	185.4	-722.3
24.148	192.7	-719.4
24.181	192.4	-719.1
24.214	184.0	-721.7
24.248	169.4	-727.2
24.281	145.9	-733.4
24.314	116.1	-741.5
24.348	79.53	-748.7
24.381	37.15	-755.5
24.414	-7.234	-759.5
24.448	-55.68	-761.5
24.481	-102.8	-760.3
24.515	-149.3	-756.4
24.548	-190.9	-750.7
24.581	-224.6	-744.4
24.615	-250.9	-738.7
24.648	-262.2	-736.3
24.681	-263.4	-736.4
24.715	-252.3	-739.5
24.748	-230.7	-744.5
24.781	-200.1	-750.4
24.815	-158.8	-757.5
24.848	-113.6	-762.4
24.881	-66.98	-764.5
24.915	-20.00	-763.8
24.948	28.82	-760.2
24.981	70.64	-754.1
25.015	107.8	-746.7
25.048	139.4	-738.3
25.082	163.3	-730.5
25.115	180.4	-724.2
25.148	189.3	-720.5
25.182	191.2	-719.3
25.215	185.6	-721.1
25.248	171.4	-725.5
25.282	149.7	-731.7
25.315	121.8	-739.5
25.348	87.71	-747.3
25.382	47.81	-754.3
25.415	3.086	-759.5
25.448	-43.59	-762.3
25.482	-91.49	-761.4
25.515	-140.7	-757.7
25.548	-181.5	-752.5
25.582	-216.3	-746.3
25.615	-233.6	-743.5
25.649	-247.8	-740.6
25.682	-248.8	-740.5
25.715	-241.1	-742.4
25.749	-224.7	-746.5
25.782	-202.5	-750.5
25.815	-167.7	-756.5
25.849	-124.1	-761.5
25.882	-77.41	-764.4
25.915	-29.06	-764.4
25.949	17.01	-761.6
25.982	59.93	-755.6
26.015	98.69	-748.3
26.049	130.6	-740.4
26.082	156.0	-732.3
26.115	174.9	-725.5
26.149	185.9	-721.2
26.182	188.7	-719.3
26.216	183.8	-720.4
26.249	173.1	-724.3
26.282	153.6	-730.1
26.316	126.9	-737.7
26.349	94.34	-745.6
26.382	55.56	-752.8
26.416	12.27	-758.1
26.449	-33.41	-761.6
26.482	-82.42	-761.4
26.516	-129.8	-758.6
26.549	-171.2	-754.4
26.582	-210.5	-747.5
26.616	-240.1	-741.4
26.649	-258.4	-737.5
26.682	-264.3	-736.3
26.716	-259.7	-737.7
26.749	-241.1	-742.3
26.783	-213.2	-748.3
26.816	-178.6	-754.7
26.849	-134.4	-760.3
26.883	-89.70	-763.7
26.916	-41.07	-764.1
26.949	5.776	-762.7
26.983	48.62	-756.8
27.016	88.17	-749.9
27.049	121.9	-741.1
27.083	148.8	-733.1
27.116	168.0	-726.9
27.149	180.5	-721.6
27.183	185.6	-719.2
27.216	182.8	-719.4
27.249	172.9	-722.5
27.283	155.8	-728.1
27.316	131.6	-735.4
27.350	100.5	-743.5
27.383	62.15	-750.9
27.416	20.41	-756.5
27.450	-25.93	-760.9
27.483	-73.85	-760.8
27.516	-120.3	-758.4
27.550	-164.0	-754.6
27.583	-202.7	-748.5
27.616	-233.3	-742.4
27.650	-253.3	-738.2
27.683	-262.9	-736.7
27.716	-259.5	-737.4
27.750	-244.3	-741.4
27.783	-218.3	-747.3
27.816	-184.5	-753.7
27.850	-144.9	-758.7
27.883	-98.79	-762.6
27.917	-52.27	-763.6
27.950	-4.771	-762.4
27.983	39.77	-757.5
28.017	79.81	-751.6
28.050	113.9	-743.2
28.083	142.0	-735.1
28.117	162.4	-727.8
28.150	175.2	-721.9
28.183	182.8	-719.1
28.217	182.0	-719.3
28.250	173.2	-721.8
28.283	158.3	-726.7
28.317	136.5	-733.3
28.350	107.0	-741.3
28.384	70.79	-749.3
28.417	30.04	-755.8
28.450	-14.45	-760.3
28.484	-62.37	-761.4
28.517	-109.8	-759.7
28.550	-153.2	-756.2
28.584	-193.3	-750.5
28.617	-224.3	-745.3
28.650	-247.9	-740.5
28.684	-258.1	-738.3
28.717	-258.4	-738.4
28.750	-246.8	-741.6
28.784	-220.6	-747.4
28.817	-189.9	-753.7
28.850	-151.5	-758.5
28.884	-107.7	-762.6
28.917	-61.31	-764.4
28.951	-14.74	-763.4
28.984	31.34	-759.6
29.017	71.35	-753.3
29.051	106.4	-745.6
29.084	135.5	-737.3
29.117	157.6	-729.7
29.151	172.7	-723.6
29.184	180.7	-720.4
29.217	181.5	-719.5
29.251	175.0	-721.5
29.284	160.7	-725.7
29.317	140.4	-732.1
29.351	112.5	-739.7
29.384	78.22	-747.6
29.417	39.21	-754.3
29.451	-2.467	-759.4
29.484	-51.75	-761.7
29.518	-98.07	-760.4
29.551	-143.1	-757.4
29.584	-181.9	-753.4
29.618	-217.6	-746.6
29.651	-242.3	-741.4
29.684	-256.7	-738.5
29.718	-258.2	-738.3
29.751	-249.9	-740.6
29.784	-228.6	-745.6
29.818	-196.0	-752.2
29.851	-159.2	-757.5
29.884	-114.7	-762.4
29.918	-69.83	-764.5
29.951	-24.26	-763.8
29.984	21.72	-760.2
30.018	62.90	-754.2
30.051	97.85	-746.7
30.085	128.7	-739.3
30.118	152.6	-731.3
30.151	169.3	-725.5
30.185	178.4	-721.4
30.218	180.1	-719.8
30.251	175.6	-720.7
30.285	162.7	-724.7
30.318	143.7	-730.5
30.351	117.9	-738.4
30.385	85.47	-746.3
30.418	47.64	-753.1
30.451	5.182	-758.5
30.485	-40.84	-761.6
30.518	-86.64	-761.4
30.551	-132.3	-758.4
30.585	-173.2	-754.4
30.618	-208.9	-748.6
30.652	-235.6	-743.4
30.685	-252.8	-739.7
30.718	-258.3	-738.5
30.752	-251.0	-740.6
30.785	-233.3	-744.4
30.818	-204.5	-750.4
30.852	-168.7	-756.5
30.885	-124.8	-761.5
30.918	-79.66	-764.2
30.952	-32.93	-764.4
30.985	12.36	-761.4
31.018	54.66	-756.1
31.052	90.20	-748.8
31.085	121.5	-740.7
31.118	147.3	-733.1
31.152	165.7	-727.1
31.185	177.1	-722.5
31.219	180.0	-720.6
31.252	177.3	-721.4
31.285	166.1	-724.4
31.319	149.4	-730.2
31.352	125.1	-737.5
31.385	94.95	-745.1
31.419	57.27	-752.7
31.452	17.23	-758.4
31.485	-27.69	-762.3
31.519	-73.64	-762.6
31.552	-119.2	-760.4
31.585	-161.3	-756.5
31.619	-200.0	-750.7
31.652	-228.4	-745.5
31.685	-247.4	-741.4
31.719	-256.4	-739.5
31.752	-252.2	-740.4
31.786	-236.2	-744.4
31.819	-211.1	-749.5
31.852	-177.4	-755.4
31.886	-135.6	-760.6
31.919	-91.88	-763.7
31.952	-44.45	-764.3
31.986	1.420	-762.1
32.019	44.09	-757.5
32.052	81.97	-750.4
32.086	113.7	-742.5
32.119	139.8	-734.4
32.152	158.6	-727.7
32.186	170.5	-722.7
32.219	176.4	-720.3
32.252	174.6	-720.5
32.286	166.1	-723.4
32.319	150.7	-728.3
32.353	127.8	-735.4
32.386	99.25	-743.3
32.419	64.54	-751.1
32.453	24.90	-757.1
32.486	-18.90	-761.7
32.519	-65.88	-762.5
32.553	-108.9	-761.4
32.586	-153.1	-757.3
32.619	-190.8	-752.5
32.653	-222.2	-746.6
32.686	-243.7	-742.5
32.719	-253.6	-740.5
32.753	-253.0	-740.7
32.786	-240.3	-743.4
32.819	-214.5	-749.4
32.853	-183.1	-754.5
32.886	-144.7	-759.7
32.920	-99.53	-763.4
32.953	-55.11	-764.4
32.986	-9.018	-763.2
33.020	34.14	-758.7
33.053	72.84	-752.3
33.086	106.5	-744.5
33.120	133.7	-736.7
33.153	154.2	-729.5
33.186	167.4	-723.8
33.220	175.2	-721.2
33.253	174.2	-720.8
33.286	167.0	-722.7
33.320	153.1	-727.5
33.353	131.8	-733.5
33.386	104.6	-741.4
33.420	71.40	-748.8
33.453	32.75	-755.3
33.487	-8.279	-760.1
33.520	-55.38	-762.1
33.553	-99.11	-761.3
33.587	-142.9	-758.5
33.620	-180.7	-754.4
33.653	-214.3	-748.1
33.687	-236.4	-744.3
33.720	-249.9	-741.5
33.753	-251.0	-741.6
33.787	-241.2	-743.5
33.820	-219.8	-748.5
33.853	-188.8	-754.5
33.887	-151.2	-759.4
33.920	-108.1	-763.4
33.953	-62.93	-765.3
33.987	-18.26	-764.2
34.020	26.03	-760.5
34.054	65.51	-754.5
34.087	99.53	-746.7
34.120	127.6	-738.5
34.154	149.9	-731.3
34.187	165.0	-725.8
34.220	173.9	-722.1
34.254	175.0	-721.1
34.287	168.7	-722.6
34.320	156.8	-727.1
34.354	136.9	-733.2
34.387	111.7	-741.1
34.420	79.83	-748.2
34.454	41.42	-754.7
34.487	1.818	-760.2
34.520	-42.60	-763.2
34.554	-87.23	-763.3
34.587	-132.2	-760.3
34.621	-171.3	-756.3
34.654	-207.0	-750.6
34.687	-233.1	-745.4
34.721	-248.3	-742.4
34.754	-252.7	-741.6
34.787	-244.8	-743.6
34.821	-225.9	-747.6
34.854	-196.5	-753.5
34.887	-160.9	-758.5
34.921	-119.0	-762.5
34.954	-75.45	-764.5
34.987	-30.20	-764.3
35.021	13.81	-760.6
35.054	54.22	-755.3
35.087	90.08	-748.4
35.121	119.1	-740.6
35.154	143.7	-733.2
35.188	159.9	-727.4
35.221	169.2	-722.8
35.254	172.6	-721.3
35.288	168.6	-722.4
35.321	158.2	-726.5
35.354	139.6	-731.6
35.388	116.2	-739.3
35.421	86.80	-746.2
35.454	50.39	-753.4
35.488	11.81	-759.1
35.521	-33.35	-762.8
35.554	-78.38	-762.6
35.588	-121.2	-760.4
35.621	-163.8	-756.7
35.654	-198.8	-751.6
35.688	-226.2	-746.3
35.721	-244.5	-742.5
35.755	-250.7	-741.5
35.788	-246.1	-742.5
35.821	-229.0	-746.6
35.855	-202.8	-751.7
35.888	-168.2	-757.2
35.921	-128.0	-761.7
35.955	-83.81	-764.3
35.988	-39.41	-764.4
36.021	4.908	-761.6
36.055	45.92	-756.3
36.088	81.27	-749.6
36.121	111.9	-741.4
36.155	137.0	-734.4
36.188	154.8	-727.5
36.221	166.1	-723.4
36.255	170.6	-721.3
36.288	167.7	-721.8
36.322	158.7	-724.5
36.355	141.9	-729.5
36.388	120.7	-736.5
36.422	91.23	-743.8
36.455	57.28	-751.3
36.488	19.37	-757.2
36.522	-23.42	-761.5
36.555	-68.29	-762.5
36.588	-113.2	-760.6
36.622	-154.2	-757.3
36.655	-189.5	-753.4
36.688	-219.9	-747.6
36.722	-239.8	-743.5
36.755	-248.8	-741.6
36.788	-245.6	-742.5
36.822	-231.6	-745.6
36.855	-207.1	-750.4
36.889	-175.9	-755.7
36.922	-136.3	-760.4
36.955	-93.34	-763.3
36.989	-49.45	-764.2
37.022	-5.255	-762.7
37.055	35.99	-757.9
37.089	73.23	-751.7
37.122	105.7	-743.3
37.155	130.8	-735.5
37.189	150.3	-729.2
37.222	163.0	-724.5
37.255	168.8	-721.7
37.289	168.0	-721.6
37.322	160.5	-723.6
37.355	145.9	-728.5
37.389	125.3	-735.2
37.422	98.23	-742.5
37.456	65.19	-749.9
37.489	27.06	-755.8
37.522	-12.56	-761.0
37.556	-56.89	-762.4
37.589	-101.6	-761.6
37.622	-142.9	-758.6
37.656	-180.8	-754.3
37.689	-211.0	-749.5
37.722	-234.2	-744.5
37.756	-245.1	-742.4
37.789	-245.2	-742.5
37.822	-233.2	-745.3
37.856	-211.7	-749.5
37.889	-180.3	-755.3
37.922	-144.2	-759.5
37.956	-101.5	-763.4
37.989	-58.17	-764.3
38.023	-14.99	-763.1
38.056	28.39	-759.2
38.089	64.41	-752.9
38.123	98.07	-745.5
38.156	124.9	-737.5
38.189	145.2	-730.9
38.223	159.7	-725.5
38.256	166.7	-722.1
38.289	166.9	-721.6
38.323	160.9	-723.4
38.356	147.7	-727.6
38.389	128.5	-733.6
38.423	102.1	-740.7
38.456	72.47	-748.4
38.489	35.64	-755.2
38.523	-3.475	-760.3
38.556	-48.89	-762.6
38.590	-92.27	-762.3
38.623	-135.2	-759.5
38.656	-174.0	-755.5
38.690	-205.6	-750.4
38.723	-229.0	-746.2
38.756	-242.7	-743.6
38.790	-244.2	-743.4
38.823	-235.0	-745.3
38.856	-215.7	-749.5
38.890	-187.2	-754.6
38.923	-150.0	-759.4
38.956	-109.1	-763.3
38.990	-68.08	-764.6
39.023	-24.53	-763.6
39.056	18.35	-759.7
39.090	55.41	-753.7
39.123	89.72	-747.1
39.157	117.8	-739.4
39.190	139.7	-732.2
39.223	154.8	-726.5
39.257	163.5	-723.1
39.290	165.8	-722.1
39.323	161.0	-723.7
39.357	150.2	-727.4
39.390	131.9	-732.6
39.423	107.6	-739.7
39.457	77.64	-747.1
39.490	42.00	-753.7
39.523	3.129	-759.4
39.557	-40.09	-762.3
39.590	-82.32	-763.2
39.624	-126.5	-760.5
39.657	-166.4	-756.7
39.690	-199.7	-751.6
39.724	-226.1	-746.5
39.757	-241.4	-743.6
39.790	-245.8	-742.7
39.824	-238.1	-744.3
39.857	-220.2	-748.3
39.890	-193.0	-753.6
39.924	-160.3	-757.6
39.957	-120.3	-761.6
39.990	-78.11	-763.5
40.024	-34.96	-763.5
40.057	8.724	-760.3
40.090	47.60	-755.2
40.124	81.69	-748.2
40.157	110.2	-740.8
40.191	133.4	-733.4
40.224	150.2	-727.6
40.257	160.7	-723.4
40.291	163.6	-721.6
40.324	160.5	-722.4
40.357	151.4	-726.2
40.391	135.4	-731.5
40.424	112.5	-738.3
40.457	83.93	-745.4
40.491	49.69	-752.4
40.524	11.01	-758.3
40.557	-30.99	-762.4
40.591	-73.13	-763.1
40.624	-116.6	-761.6
40.657	-155.3	-758.2
40.691	-189.3	-754.3
40.724	-218.8	-748.7
40.758	-235.3	-745.3
40.791	-241.1	-744.3
40.824	-237.1	-745.3
40.858	-219.6	-749.3
40.891	-194.3	-754.3
40.924	-164.9	-758.5
40.958	-124.6	-762.6
40.991	-84.18	-764.6
41.024	-41.61	-764.5
41.058	2.465	-762.4
41.091	40.42	-756.9
41.124	76.86	-751.2
41.158	106.3	-743.3
41.191	129.4	-735.8
41.224	147.5	-729.5
41.258	158.3	-724.7
41.291	163.0	-722.8
41.325	161.2	-722.8
41.358	153.3	-725.6
41.391	137.6	-729.6
41.425	117.0	-736.4
41.458	89.88	-743.4
41.491	56.79	-751.2
41.525	19.98	-757.1
41.558	-22.67	-761.7
41.591	-66.61	-762.7
41.625	-108.4	-761.4
41.658	-150.0	-757.8
41.691	-185.5	-753.8
41.725	-214.2	-748.5
41.758	-233.0	-745.4
41.791	-241.8	-743.7
41.825	-238.5	-744.3
41.858	-224.7	-747.4
41.892	-200.5	-752.4
41.925	-171.4	-756.6
41.958	-131.1	-761.3
41.992	-92.09	-763.5
42.025	-50.39	-763.8
42.058	-9.206	-761.8
42.092	31.95	-757.2
42.125	67.00	-751.3
42.158	97.36	-743.7
42.192	123.5	-736.6
42.225	141.4	-729.7
42.258	154.9	-725.3
42.292	160.5	-722.5
42.325	160.4	-722.4
42.358	154.3	-725.2
42.392	141.0	-729.5
42.425	121.1	-735.5
42.459	95.57	-742.7
42.492	64.09	-750.4
42.525	28.63	-756.2
42.559	-12.58	-761.4
42.592	-56.33	-762.7
42.625	-98.07	-762.1
42.659	-139.3	-759.4
42.692	-176.4	-755.3
42.725	-204.3	-751.3
42.759	-225.8	-747.5
42.792	-236.7	-745.5
42.825	-236.6	-745.5
42.859	-226.3	-747.5
42.892	-205.2	-751.6
42.925	-170.9	-757.5
42.959	-136.9	-761.5
42.992	-97.04	-764.2
43.026	-54.70	-765.3
43.059	-14.15	-763.5
43.092	27.09	-759.4
43.126	61.98	-753.5
43.159	93.75	-746.3
43.192	121.4	-739.3
43.226	139.8	-732.5
43.259	153.5	-727.3
43.292	161.4	-724.4
43.326	161.4	-723.7
43.359	157.2	-725.5
43.392	145.4	-729.6
43.426	126.5	-735.2
43.459	102.3	-742.3
43.492	71.18	-749.5
43.526	36.38	-756.3
43.559	-3.715	-760.8
43.593	-45.26	-763.3
43.626	-88.26	-763.5
43.659	-126.9	-761.5
43.693	-165.8	-757.4
43.726	-195.3	-753.5
43.759	-220.8	-748.7
43.793	-235.0	-745.5
43.826	-236.7	-745.5
43.859	-227.2	-747.4
43.893	-208.1	-751.3
43.926	-178.9	-756.5
43.959	-145.0	-760.6
43.993	-106.8	-763.7
44.026	-65.93	-764.7
44.059	-23.07	-763.4
44.093	17.16	-759.7
44.126	53.50	-753.6
44.160	87.01	-747.4
44.193	113.6	-740.1
44.226	134.8	-733.5
44.260	148.9	-727.7
44.293	158.1	-724.5
44.326	160.4	-723.4
44.360	156.1	-724.6
44.393	145.8	-728.1
44.426	128.2	-733.8
44.460	105.9	-740.4
44.493	75.81	-747.4
44.526	40.50	-753.7
44.560	3.653	-759.2
44.593	-39.43	-762.4
44.626	-81.62	-762.8
44.660	-123.2	-760.6
44.693	-159.7	-757.4
44.727	-191.4	-753.5
44.760	-217.9	-748.6
44.793	-232.9	-745.7
44.827	-237.5	-744.6
44.860	-231.8	-745.8
44.893	-213.5	-749.4
44.927	-189.3	-753.7
44.960	-154.1	-758.5
44.993	-114.8	-762.4
45.027	-74.76	-763.7
45.060	-32.12	-763.2
45.093	8.296	-759.8
45.127	46.44	-755.2
45.160	79.57	-748.3
45.193	108.3	-741.4
45.227	129.7	-734.4
45.260	145.4	-728.7
45.294	156.0	-725.0
45.327	158.7	-723.3
45.360	156.0	-724.5
45.394	146.6	-727.5
45.427	130.8	-732.6
45.460	108.9	-739.3
45.494	81.20	-746.2
45.527	48.44	-753.3
45.560	10.84	-758.5
45.594	-30.76	-762.4
45.627	-71.48	-763.2
45.660	-112.5	-762.3
45.694	-149.9	-759.4
45.727	-185.3	-754.6
45.760	-210.7	-750.4
45.794	-226.5	-747.4
45.827	-233.7	-746.4
45.861	-228.7	-747.5
45.894	-214.1	-750.3
45.927	-190.5	-754.5
45.961	-157.4	-759.4
45.994	-119.3	-763.2
46.027	-79.16	-765.2
46.061	-37.70	-765.2
46.094	3.504	-762.8
46.127	42.40	-757.4
46.161	76.21	-751.6
46.194	104.6	-744.2
46.227	127.4	-737.2
46.261	144.8	-731.4
46.294	155.1	-727.4
46.327	160.5	-725.3
46.361	158.4	-725.5
46.394	150.5	-728.3
46.428	136.3	-733.2
46.461	116.6	-740.1
46.494	89.37	-746.5
46.528	57.76	-753.3
46.561	22.37	-759.3
46.594	-18.20	-763.6
46.628	-60.47	-764.6
46.661	-102.0	-763.6
46.694	-141.5	-760.6
46.728	-175.9	-756.6
46.761	-203.5	-752.4
46.794	-220.7	-749.5
46.828	-230.7	-747.5
46.861	-229.4	-747.5
46.894	-216.5	-750.4
46.928	-194.0	-754.5
46.961	-164.7	-758.5
46.995	-128.9	-762.6
47.028	-89.07	-764.5
47.061	-49.35	-764.6
47.095	-8.403	-762.6
47.128	31.59	-758.2
47.161	65.77	-752.3
47.195	96.88	-745.3
47.228	120.4	-738.3
47.261	137.7	-731.7
47.295	150.2	-727.4
47.328	155.9	-724.6
47.361	155.3	-724.6
47.395	148.6	-726.5
47.428	136.1	-731.2
47.461	116.9	-737.4
47.495	91.05	-743.8
47.528	61.85	-751.2
47.562	25.55	-756.6
47.595	-13.25	-761.4
47.628	-54.17	-763.2
47.662	-95.63	-762.7
47.695	-134.4	-760.4
47.728	-170.4	-756.5
47.762	-199.1	-752.5
47.795	-220.5	-748.6
47.828	-231.6	-746.4
47.862	-231.7	-746.5
47.895	-221.5	-748.6
47.928	-201.5	-752.7
47.962	-173.2	-756.4
47.995	-138.6	-760.6
48.028	-98.96	-763.6
48.062	-58.23	-763.6
48.095	-16.89	-762.5
48.129	22.80	-758.3
48.162	57.66	-752.5
48.195	88.65	-746.2
48.229	113.6	-739.3
48.262	132.8	-732.4
48.295	146.0	-727.5
48.329	153.2	-724.7
48.362	154.6	-724.2
48.395	149.0	-726.4
48.429	138.0	-730.2
48.462	120.2	-735.8
48.495	96.35	-742.4
48.529	67.21	-749.6
48.562	33.54	-755.5
48.595	-4.429	-760.5
48.629	-45.27	-762.7
48.662	-85.27	-763.1
48.696	-124.8	-761.5
48.729	-161.5	-757.5
48.762	-192.4	-753.6
48.796	-215.3	-749.5
48.829	-229.1	-746.5
48.862	-231.1	-746.2
48.896	-223.0	-748.2
48.929	-205.9	-751.7
48.962	-180.1	-755.5
48.996	-143.4	-760.3
49.029	-105.6	-763.4
49.062	-65.62	-764.5
49.096	-24.99	-763.5
49.129	13.88	-759.6
49.162	49.43	-753.8
49.196	81.03	-747.9
49.229	108.0	-740.5
49.263	130.4	-734.2
49.296	143.6	-728.7
49.329	152.3	-725.6
49.363	154.7	-724.4
49.396	149.9	-725.5
49.429	138.9	-728.6
49.463	123.3	-734.3
49.496	101.1	-741.3
49.529	72.48	-747.8
49.563	39.24	-753.7
49.596	3.921	-759.1
49.629	-37.09	-762.4
49.663	-77.19	-763.2
49.696	-117.7	-761.6
49.729	-155.8	-757.7
49.763	-186.0	-754.5
49.796	-209.4	-750.4
49.830	-225.1	-747.4
49.863	-230.0	-746.7
49.896	-224.4	-747.6
49.930	-208.3	-750.5
49.963	-182.8	-755.3
49.996	-150.8	-759.4
50.030	-113.5	-762.5
50.063	-72.24	-764.2
50.096	-33.18	-763.5
50.130	6.361	-760.5
50.163	43.51	-755.4
50.196	76.04	-749.6
50.230	102.7	-741.7
50.263	124.8	-735.3
50.296	139.6	-729.8
50.330	149.7	-726.2
50.363	152.6	-724.6
50.397	150.1	-725.6
50.430	141.6	-728.3
50.463	126.3	-733.4
50.497	104.8	-739.4
50.530	78.21	-746.9
50.563	45.93	-752.6
50.597	9.827	-757.8
50.630	-29.29	-761.5
50.663	-69.78	-762.7
50.697	-109.7	-761.5
50.730	-147.0	-758.7
50.763	-180.2	-754.6
50.797	-206.1	-750.4
50.830	-222.6	-747.5
50.864	-228.8	-746.5
50.897	-224.5	-747.4
50.930	-210.3	-750.2
50.964	-187.0	-754.7
50.997	-155.8	-758.6
51.030	-120.7	-761.7
51.064	-81.60	-763.6
51.097	-41.05	-763.2
51.130	-1.830	-761.1
51.164	35.75	-756.2
51.197	68.74	-750.7
51.230	96.57	-743.3
51.264	120.4	-737.2
51.297	136.9	-731.1
51.330	148.0	-727.4
51.364	152.0	-725.5
51.397	150.3	-725.8
51.431	142.7	-728.1
51.464	129.7	-733.1
51.497	109.7	-739.1
51.531	83.71	-745.7
51.564	52.70	-752.2
51.597	18.98	-758.0
51.631	-20.49	-762.5
51.664	-61.19	-763.5
51.697	-101.9	-762.7
51.731	-138.5	-760.3
51.764	-173.3	-756.4
51.797	-198.5	-753.4
51.831	-217.8	-749.6
51.864	-226.7	-747.6
51.897	-224.0	-748.5
51.931	-212.5	-750.5
51.964	-190.6	-754.5
51.998	-160.9	-758.5
52.031	-124.8	-762.5
52.064	-86.86	-764.4
52.098	-47.80	-764.4
52.131	-8.864	-762.6
52.164	29.38	-757.7
52.198	63.59	-752.2
52.231	92.43	-745.5
52.264	116.3	-739.1
52.298	133.5	-732.8
52.331	146.1	-728.4
52.364	152.2	-726.4
52.398	152.1	-726.5
52.431	145.8	-728.3
52.464	132.4	-732.6
52.498	114.2	-738.4
52.531	89.74	-744.7
52.565	60.31	-751.5
52.598	27.89	-757.1
52.631	-9.778	-762.2
52.665	-51.26	-763.6
52.698	-90.61	-763.5
52.731	-128.4	-761.3
52.765	-164.8	-757.7
52.798	-190.5	-754.4
52.831	-212.4	-750.4
52.865	-223.2	-748.4
52.898	-223.4	-748.4
52.931	-213.2	-750.3
52.965	-193.2	-754.4
52.998	-165.0	-758.4
53.031	-130.1	-762.2
53.065	-93.53	-764.5
53.098	-55.66	-764.7
53.132	-15.88	-763.2
53.165	22.68	-759.3
53.198	55.70	-753.6
53.232	86.56	-747.3
53.265	110.7	-740.4
53.298	129.7	-734.3
53.332	142.4	-729.5
53.365	150.3	-727.2
53.398	150.8	-726.4
53.432	146.0	-728.4
53.465	134.0	-731.9
53.498	117.4	-737.5
53.532	96.05	-744.2
53.565	66.30	-750.7
53.598	33.13	-756.5
53.632	-3.740	-760.8
53.665	-43.97	-763.6
53.699	-82.98	-763.6
53.732	-122.7	-761.5
53.765	-156.8	-758.4
53.799	-185.9	-754.7
53.832	-206.8	-751.5
53.865	-220.5	-748.6
53.899	-221.7	-748.5
53.932	-212.5	-750.5
53.965	-195.5	-753.5
53.999	-168.9	-757.5
54.032	-135.3	-761.3
54.065	-101.4	-763.6
54.099	-61.84	-764.4
54.132	-22.59	-763.3
54.165	15.32	-759.8
54.199	50.13	-754.5
54.232	81.24	-748.1
54.266	106.7	-741.4
54.299	126.7	-735.4
54.332	139.9	-730.5
54.366	148.5	-727.4
54.399	150.7	-726.3
54.432	146.3	-727.6
54.466	135.7	-730.7
54.499	119.7	-735.7
54.532	99.06	-742.3
54.566	70.71	-748.5
54.599	38.52	-754.8
54.632	1.931	-759.4
54.666	-36.85	-762.6
54.699	-75.67	-763.4
54.732	-115.6	-761.7
54.766	-151.5	-758.5
54.799	-182.7	-754.7
54.833	-204.2	-751.2
54.866	-219.0	-748.5
54.899	-223.7	-747.8
54.933	-217.6	-748.7
54.966	-199.9	-752.5
54.999	-175.8	-755.7
55.033	-144.5	-759.4
55.066	-108.9	-762.6
55.099	-70.76	-763.5
55.133	-32.35	-762.7
55.166	6.743	-759.4
55.199	41.29	-754.8
55.233	72.47	-748.6
55.266	99.13	-741.8
55.299	120.4	-735.5
55.333	135.9	-730.2
55.366	145.3	-727.2
55.400	147.5	-725.8
55.433	145.2	-726.6
55.466	136.4	-729.3
55.500	122.0	-734.4
55.533	101.3	-740.8
55.566	75.40	-747.1
55.600	43.62	-753.6
55.633	8.936	-758.1
55.666	-30.58	-762.1
55.700	-68.65	-763.4
55.733	-106.4	-762.3
55.766	-144.0	-759.6
55.800	-176.3	-755.6
55.833	-199.9	-752.7
55.866	-215.2	-749.3
55.900	-221.0	-748.4
55.933	-216.8	-749.4
55.967	-201.9	-752.6
56.000	-179.7	-755.6
56.033	-149.5	-759.5
56.067	-114.0	-762.3
56.100	-76.55	-764.3
56.133	-38.79	-763.6
56.167		
56.200	36.44	-756.5
