	mass A		
t	x	y	
0.000	-317.0	-1.180E3
0.033	-329.3	-1.177E3
0.067	-334.8	-1.177E3
0.100	-330.3	-1.178E3
0.133	-316.1	-1.181E3
0.167	-297.3	-1.187E3
0.200	-270.8	-1.192E3
0.233	-232.6	-1.199E3
0.267	-192.3	-1.206E3
0.300	-144.3	-1.211E3
0.334	-92.20	-1.215E3
0.367	-44.73	-1.217E3
0.400	16.24	-1.216E3
0.434	71.91	-1.213E3
0.467	120.6	-1.209E3
0.500	172.2	-1.201E3
0.534	217.6	-1.193E3
0.567	257.6	-1.184E3
0.600	294.7	-1.174E3
0.634	320.0	-1.167E3
0.667	340.0	-1.160E3
0.700	349.6	-1.155E3
0.734	354.0	-1.154E3
0.767	350.5	-1.155E3
0.800	337.4	-1.158E3
0.834	317.6	-1.165E3
0.867	291.0	-1.172E3
0.901	256.2	-1.181E3
0.934	215.3	-1.190E3
0.967	167.4	-1.198E3
1.001	115.0	-1.205E3
1.034	61.63	-1.210E3
1.067	3.935	-1.212E3
1.101	-50.84	-1.213E3
1.134	-111.6	-1.210E3
1.167	-160.2	-1.206E3
1.201	-209.9	-1.200E3
1.234	-249.3	-1.194E3
1.267	-282.6	-1.188E3
1.301	-308.6	-1.183E3
1.334	-325.7	-1.179E3
1.367	-336.6	-1.177E3
1.401	-338.2	-1.177E3
1.434	-330.1	-1.179E3
1.468	-315.3	-1.183E3
1.501	-289.9	-1.189E3
1.534	-258.4	-1.195E3
1.568	-220.3	-1.202E3
1.601	-176.4	-1.208E3
1.634	-123.3	-1.213E3
1.668	-75.10	-1.216E3
1.701	-20.59	-1.217E3
1.734	34.63	-1.215E3
1.768	87.01	-1.212E3
1.801	138.8	-1.206E3
1.834	187.4	-1.198E3
1.868	229.6	-1.190E3
1.901	267.3	-1.181E3
1.934	297.9	-1.172E3
1.968	320.7	-1.165E3
2.001	337.2	-1.159E3
2.035	345.5	-1.156E3
2.068	343.0	-1.155E3
2.101	336.1	-1.157E3
2.135	321.2	-1.162E3
2.168	296.5	-1.169E3
2.201	266.9	-1.176E3
2.235	229.5	-1.185E3
2.268	184.3	-1.193E3
2.301	133.9	-1.201E3
2.335	81.58	-1.206E3
2.368	24.69	-1.209E3
2.401	-31.43	-1.210E3
2.435	-87.42	-1.209E3
2.468	-140.7	-1.205E3
2.501	-192.5	-1.199E3
2.535	-238.7	-1.192E3
2.568	-275.9	-1.185E3
2.602	-307.9	-1.178E3
2.635	-332.3	-1.172E3
2.668	-346.8	-1.168E3
2.702	-353.3	-1.166E3
2.735	-349.5	-1.167E3
2.768	-336.6	-1.172E3
2.802	-316.4	-1.177E3
2.835	-287.2	-1.184E3
2.868	-250.7	-1.191E3
2.902	-208.4	-1.198E3
2.935	-160.7	-1.204E3
2.968	-108.9	-1.209E3
3.002	-55.30	-1.211E3
3.035	-0.181	-1.211E3
3.068	54.49	-1.209E3
3.102	107.2	-1.204E3
3.135	157.9	-1.197E3
3.169	203.7	-1.189E3
3.202	241.9	-1.181E3
3.235	276.3	-1.172E3
3.269	304.3	-1.164E3
3.302	324.0	-1.158E3
3.335	335.8	-1.153E3
3.369	339.0	-1.151E3
3.402	336.5	-1.152E3
3.435	326.1	-1.155E3
3.469	308.0	-1.160E3
3.502	279.8	-1.168E3
3.535	246.5	-1.176E3
3.569	206.6	-1.184E3
3.602	160.1	-1.192E3
3.635	107.7	-1.199E3
3.669	54.85	-1.203E3
3.702	-2.465	-1.206E3
3.736	-58.18	-1.206E3
3.769	-113.2	-1.203E3
3.802	-162.8	-1.199E3
3.836	-210.5	-1.193E3
3.869	-251.9	-1.186E3
3.902	-287.7	-1.179E3
3.936	-315.6	-1.173E3
3.969	-335.4	-1.168E3
4.002	-346.4	-1.165E3
4.036	-346.5	-1.166E3
4.069	-340.0	-1.168E3
4.102	-324.7	-1.172E3
4.136	-300.8	-1.178E3
4.169	-269.2	-1.185E3
4.202	-231.0	-1.192E3
4.236	-186.2	-1.199E3
4.269	-137.8	-1.204E3
4.303	-84.86	-1.208E3
4.336	-31.30	-1.209E3
4.369	23.98	-1.208E3
4.403	77.29	-1.205E3
4.436	129.3	-1.199E3
4.469	177.2	-1.192E3
4.503	219.3	-1.184E3
4.536	257.2	-1.175E3
4.569	287.7	-1.167E3
4.603	311.4	-1.160E3
4.636	326.8	-1.155E3
4.669	335.3	-1.152E3
4.703	335.2	-1.151E3
4.736	328.9	-1.153E3
4.769	314.4	-1.158E3
4.803	292.3	-1.164E3
4.836	261.8	-1.172E3
4.870	225.8	-1.180E3
4.903	181.7	-1.189E3
4.936	133.4	-1.196E3
4.970	80.81	-1.202E3
5.003	26.20	-1.206E3
5.036	-29.16	-1.207E3
5.070	-83.35	-1.206E3
5.103	-135.8	-1.203E3
5.136	-185.5	-1.198E3
5.170	-231.4	-1.191E3
5.203	-270.6	-1.184E3
5.236	-302.2	-1.178E3
5.270	-327.0	-1.172E3
5.303	-342.6	-1.168E3
5.336	-350.0	-1.166E3
5.370	-347.8	-1.167E3
5.403	-336.4	-1.171E3
5.437	-316.8	-1.176E3
5.470	-288.7	-1.183E3
5.503	-254.1	-1.190E3
5.537	-213.3	-1.197E3
5.570	-167.1	-1.203E3
5.603	-115.6	-1.208E3
5.637	-62.44	-1.211E3
5.670	-7.136	-1.211E3
5.703	47.50	-1.209E3
5.737	99.73	-1.205E3
5.770	149.4	-1.199E3
5.803	196.5	-1.191E3
5.837	235.7	-1.183E3
5.870	269.0	-1.175E3
5.903	297.6	-1.167E3
5.937	318.2	-1.161E3
5.970	329.2	-1.156E3
6.004	333.8	-1.154E3
6.037	331.3	-1.155E3
6.070	320.3	-1.158E3
6.104	302.6	-1.164E3
6.137	276.6	-1.171E3
6.170	242.8	-1.180E3
6.204	203.7	-1.188E3
6.237	157.8	-1.196E3
6.270	107.7	-1.203E3
6.304	55.62	-1.207E3
6.337	0.172	-1.210E3
6.370	-54.09	-1.210E3
6.404	-107.9	-1.208E3
6.437	-159.2	-1.204E3
6.470	-207.1	-1.198E3
6.504	-250.3	-1.191E3
6.537	-284.9	-1.185E3
6.571	-314.7	-1.178E3
6.604	-335.2	-1.173E3
6.637	-346.7	-1.170E3
6.671	-348.9	-1.170E3
6.704	-342.3	-1.172E3
6.737	-326.3	-1.177E3
6.771	-302.4	-1.183E3
6.804	-270.7	-1.190E3
6.837	-233.6	-1.197E3
6.871	-190.6	-1.203E3
6.904	-142.4	-1.209E3
6.937	-91.06	-1.212E3
6.971	-36.81	-1.214E3
7.004	17.70	-1.213E3
7.037	72.40	-1.210E3
7.071	124.5	-1.204E3
7.104	172.3	-1.197E3
7.138	215.8	-1.189E3
7.171	253.9	-1.180E3
7.204	285.5	-1.172E3
7.238	308.3	-1.165E3
7.271	323.8	-1.159E3
7.304	331.7	-1.156E3
7.338	333.4	-1.156E3
7.371	326.6	-1.158E3
7.404	311.8	-1.162E3
7.438	291.0	-1.168E3
7.471	262.3	-1.176E3
7.504	226.8	-1.184E3
7.538	183.9	-1.192E3
7.571	136.3	-1.200E3
7.604	84.15	-1.206E3
7.638	30.85	-1.209E3
7.671	-24.26	-1.211E3
7.705	-79.41	-1.210E3
7.738	-131.5	-1.207E3
7.771	-181.2	-1.202E3
7.805	-228.0	-1.195E3
7.838	-267.3	-1.188E3
7.871	-298.6	-1.182E3
7.905	-323.9	-1.176E3
7.938	-339.9	-1.172E3
7.971	-346.9	-1.170E3
8.005	-344.8	-1.171E3
8.038	-334.1	-1.174E3
8.071	-314.9	-1.179E3
8.105	-287.4	-1.186E3
8.138	-252.8	-1.193E3
8.171	-214.0	-1.199E3
8.205	-168.0	-1.205E3
8.238	-117.9	-1.210E3
8.272	-66.24	-1.212E3
8.305	-12.45	-1.213E3
8.338	41.65	-1.211E3
8.372	93.36	-1.207E3
8.405	143.0	-1.201E3
8.438	189.6	-1.193E3
8.472	230.1	-1.185E3
8.505	265.7	-1.176E3
8.538	294.5	-1.168E3
8.572	314.3	-1.162E3
8.605	327.3	-1.158E3
8.638	333.0	-1.156E3
8.672	330.2	-1.156E3
8.705	319.6	-1.159E3
8.738	302.3	-1.164E3
8.772	277.0	-1.171E3
8.805	244.8	-1.179E3
8.839	206.2	-1.187E3
8.872	161.5	-1.195E3
8.905	113.3	-1.201E3
8.939	59.93	-1.206E3
8.972	5.999	-1.209E3
9.005	-48.57	-1.209E3
9.039	-102.7	-1.207E3
9.072	-154.0	-1.203E3
9.105	-202.4	-1.197E3
9.139	-242.5	-1.191E3
9.172	-279.7	-1.184E3
9.205	-308.1	-1.178E3
9.239	-328.3	-1.173E3
9.272	-337.4	-1.171E3
9.305	-338.9	-1.171E3
9.339	-334.1	-1.172E3
9.372	-319.1	-1.176E3
9.406	-296.7	-1.181E3
9.439	-265.2	-1.188E3
9.472	-229.3	-1.194E3
9.506	-183.6	-1.201E3
9.539	-136.5	-1.206E3
9.572	-88.16	-1.209E3
9.606	-36.45	-1.210E3
9.639	16.93	-1.210E3
9.672	69.44	-1.207E3
9.706	119.3	-1.202E3
9.739	167.7	-1.195E3
9.772	210.4	-1.187E3
9.806	247.3	-1.179E3
9.839	278.2	-1.171E3
9.872	302.3	-1.164E3
9.906	318.3	-1.158E3
9.939	327.5	-1.155E3
9.973	328.9	-1.154E3
10.006	323.7	-1.156E3
10.039	310.3	-1.160E3
10.073	290.6	-1.166E3
10.106	262.5	-1.173E3
10.139	227.4	-1.181E3
10.173	186.5	-1.189E3
10.206	139.8	-1.196E3
10.239	88.53	-1.202E3
10.273	34.72	-1.206E3
10.306	-19.25	-1.207E3
10.339	-74.39	-1.206E3
10.373	-127.9	-1.203E3
10.406	-177.9	-1.198E3
10.439	-222.2	-1.192E3
10.473	-262.0	-1.185E3
10.506	-293.4	-1.179E3
10.540	-316.1	-1.174E3
10.573	-330.1	-1.171E3
10.606	-335.7	-1.170E3
10.640	-335.5	-1.170E3
10.673	-325.1	-1.173E3
10.706	-307.8	-1.177E3
10.740	-281.2	-1.183E3
10.773	-246.7	-1.190E3
10.806	-206.3	-1.197E3
10.840	-162.5	-1.202E3
10.873	-111.3	-1.207E3
10.906	-61.62	-1.209E3
10.940	-8.590	-1.210E3
10.973	43.94	-1.208E3
11.006	95.45	-1.204E3
11.040	144.3	-1.198E3
11.073	188.1	-1.191E3
11.107	228.4	-1.183E3
11.140	262.2	-1.175E3
11.173	288.8	-1.168E3
11.207	310.2	-1.161E3
11.240	322.4	-1.157E3
11.273	328.4	-1.155E3
11.307	326.1	-1.155E3
11.340	317.1	-1.158E3
11.373	301.1	-1.163E3
11.407	276.8	-1.170E3
11.440	244.5	-1.178E3
11.473	207.0	-1.186E3
11.507	162.6	-1.194E3
11.540	113.3	-1.201E3
11.573	60.95	-1.206E3
11.607	7.592	-1.208E3
11.640	-47.86	-1.209E3
11.674	-101.7	-1.207E3
11.707	-152.7	-1.203E3
11.740	-201.1	-1.197E3
11.774	-241.9	-1.191E3
11.807	-276.2	-1.185E3
11.840	-304.5	-1.179E3
11.874	-325.4	-1.174E3
11.907	-337.1	-1.171E3
11.940	-340.4	-1.170E3
11.974	-334.2	-1.172E3
12.007	-319.8	-1.176E3
12.040	-298.0	-1.181E3
12.074	-266.9	-1.188E3
12.107	-230.3	-1.195E3
12.140	-187.3	-1.201E3
12.174	-140.3	-1.206E3
12.207	-88.73	-1.210E3
12.241	-37.85	-1.211E3
12.274	16.11	-1.210E3
12.307	69.44	-1.207E3
12.341	119.4	-1.202E3
12.374	164.5	-1.196E3
12.407	209.1	-1.188E3
12.441	246.0	-1.180E3
12.474	278.1	-1.172E3
12.507	299.6	-1.166E3
12.541	319.5	-1.160E3
12.574	329.6	-1.157E3
12.607	332.0	-1.156E3
12.641	325.9	-1.158E3
12.674	312.7	-1.162E3
12.707	290.3	-1.168E3
12.741	263.3	-1.175E3
12.774	228.5	-1.183E3
12.808	186.6	-1.191E3
12.841	141.8	-1.198E3
12.874	91.35	-1.204E3
12.908	36.91	-1.208E3
12.941	-18.41	-1.210E3
12.974	-72.41	-1.209E3
13.008	-123.9	-1.206E3
13.041	-170.4	-1.202E3
13.074	-215.8	-1.196E3
13.108	-253.0	-1.190E3
13.141	-284.5	-1.184E3
13.174	-305.6	-1.180E3
13.208	-322.9	-1.176E3
13.241	-328.5	-1.175E3
13.274	-328.6	-1.175E3
13.308	-320.6	-1.177E3
13.341	-303.8	-1.181E3
13.375	-279.8	-1.186E3
13.408	-248.0	-1.192E3
13.441	-207.0	-1.199E3
13.475	-164.1	-1.204E3
13.508	-113.2	-1.209E3
13.541	-63.07	-1.211E3
13.575	-9.410	-1.211E3
13.608	41.38	-1.210E3
13.641	92.46	-1.206E3
13.675	141.4	-1.200E3
13.708	185.9	-1.193E3
13.741	226.5	-1.185E3
13.775	260.8	-1.177E3
13.808	286.6	-1.170E3
13.841	308.1	-1.164E3
13.875	321.9	-1.160E3
13.908	328.1	-1.158E3
13.942	326.4	-1.158E3
13.975	316.7	-1.161E3
14.008	299.2	-1.166E3
14.042	277.0	-1.172E3
14.075	243.8	-1.180E3
14.108	206.1	-1.188E3
14.142	165.1	-1.195E3
14.175	114.5	-1.202E3
14.208	62.15	-1.207E3
14.242	9.330	-1.210E3
14.275	-44.45	-1.210E3
14.308	-97.41	-1.208E3
14.342	-147.8	-1.204E3
14.375	-193.4	-1.199E3
14.408	-234.6	-1.193E3
14.442	-271.7	-1.186E3
14.475	-300.4	-1.180E3
14.509	-321.1	-1.175E3
14.542	-333.1	-1.172E3
14.575	-336.9	-1.171E3
14.609	-332.0	-1.172E3
14.642	-318.0	-1.176E3
14.675	-296.7	-1.181E3
14.709	-267.7	-1.187E3
14.742	-231.2	-1.194E3
14.775	-189.5	-1.200E3
14.809	-143.2	-1.205E3
14.842	-92.85	-1.209E3
14.875	-41.54	-1.210E3
14.909	10.68	-1.210E3
14.942	63.51	-1.207E3
14.975	113.5	-1.202E3
15.009	160.0	-1.196E3
15.042	203.2	-1.188E3
15.076	240.6	-1.180E3
15.109	272.1	-1.172E3
15.142	294.6	-1.166E3
15.176	311.4	-1.160E3
15.209	320.1	-1.157E3
15.242	321.9	-1.156E3
15.276	317.3	-1.158E3
15.309	304.7	-1.162E3
15.342	284.8	-1.168E3
15.376	258.0	-1.175E3
15.409	223.4	-1.183E3
15.442	182.6	-1.191E3
15.476	137.4	-1.198E3
15.509	88.21	-1.204E3
15.542	36.76	-1.207E3
15.576	-16.57	-1.209E3
15.609	-69.11	-1.208E3
15.643	-121.1	-1.205E3
15.676	-168.9	-1.201E3
15.709	-213.8	-1.195E3
15.743	-251.9	-1.189E3
15.776	-285.1	-1.182E3
15.809	-308.8	-1.177E3
15.843	-325.6	-1.173E3
15.876	-333.7	-1.171E3
15.909	-333.5	-1.171E3
15.943	-323.9	-1.174E3
15.976	-306.9	-1.178E3
16.009	-282.0	-1.184E3
16.043	-249.7	-1.190E3
16.076	-212.3	-1.196E3
16.109	-167.7	-1.202E3
16.143	-120.2	-1.206E3
16.176	-69.99	-1.209E3
16.210	-18.10	-1.209E3
16.243	34.31	-1.208E3
16.276	85.93	-1.204E3
16.310	133.7	-1.199E3
16.343	178.3	-1.192E3
16.376	218.3	-1.184E3
16.410	253.1	-1.176E3
16.443	280.4	-1.169E3
16.476	300.6	-1.163E3
16.510	314.3	-1.159E3
16.543	320.2	-1.157E3
16.576	318.6	-1.157E3
16.610	310.0	-1.160E3
16.643	294.2	-1.165E3
16.676	271.4	-1.171E3
16.710	240.4	-1.179E3
16.743	203.6	-1.187E3
16.777	161.8	-1.194E3
16.810	115.8	-1.200E3
16.843	64.74	-1.205E3
16.877	12.32	-1.208E3
16.910	-40.40	-1.209E3
16.943	-92.93	-1.207E3
16.977	-142.0	-1.204E3
17.010	-190.8	-1.198E3
17.043	-232.7	-1.192E3
17.077	-267.3	-1.186E3
17.110	-296.0	-1.180E3
17.143	-315.2	-1.176E3
17.177	-326.9	-1.173E3
17.210	-329.0	-1.173E3
17.243	-324.7	-1.174E3
17.277	-312.6	-1.177E3
17.310	-291.0	-1.182E3
17.344	-262.4	-1.188E3
17.377	-227.6	-1.194E3
17.410	-187.3	-1.200E3
17.444	-141.0	-1.205E3
17.477	-91.07	-1.209E3
17.510	-41.69	-1.210E3
17.544	9.815	-1.210E3
17.577	62.05	-1.207E3
17.610	110.3	-1.203E3
17.644	158.9	-1.196E3
17.677	201.4	-1.189E3
17.710	238.7	-1.181E3
17.744	268.4	-1.174E3
17.777	294.7	-1.167E3
17.810	311.5	-1.162E3
17.844	321.5	-1.159E3
17.877	324.0	-1.158E3
17.911	317.9	-1.160E3
17.944	304.8	-1.164E3
17.977	286.1	-1.169E3
18.011	259.3	-1.176E3
18.044	225.0	-1.184E3
18.077	185.4	-1.192E3
18.111	140.7	-1.199E3
18.144	92.24	-1.205E3
18.177	41.01	-1.208E3
18.211	-11.82	-1.210E3
18.244	-64.81	-1.210E3
18.277	-116.4	-1.207E3
18.311	-164.1	-1.203E3
18.344	-209.6	-1.197E3
18.377	-247.4	-1.191E3
18.411	-278.8	-1.185E3
18.444	-299.7	-1.181E3
18.478	-316.6	-1.177E3
18.511	-322.9	-1.176E3
18.544	-322.5	-1.176E3
18.578	-314.6	-1.178E3
18.611	-297.7	-1.182E3
18.644	-273.7	-1.187E3
18.678	-241.8	-1.193E3
18.711	-204.6	-1.199E3
18.744	-163.0	-1.204E3
18.778	-116.2	-1.208E3
18.811	-65.72	-1.211E3
18.844	-14.98	-1.211E3
18.878	36.40	-1.210E3
18.911	87.28	-1.206E3
18.944	134.6	-1.201E3
18.978	179.9	-1.194E3
19.011	217.9	-1.187E3
19.045	252.8	-1.179E3
19.078	281.4	-1.172E3
19.111	302.4	-1.166E3
19.145	316.5	-1.162E3
19.178	322.1	-1.160E3
19.211	321.9	-1.160E3
19.245	312.3	-1.163E3
19.278	297.4	-1.167E3
19.311	274.9	-1.173E3
19.345	243.0	-1.181E3
19.378	208.3	-1.188E3
19.411	164.8	-1.196E3
19.445	119.0	-1.202E3
19.478	68.73	-1.207E3
19.511	15.76	-1.210E3
19.545	-37.45	-1.211E3
19.578	-89.90	-1.209E3
19.612	-138.8	-1.206E3
19.645	-184.5	-1.201E3
19.678	-225.9	-1.195E3
19.712	-260.3	-1.189E3
19.745	-286.3	-1.184E3
19.778	-304.9	-1.180E3
19.812	-314.5	-1.178E3
19.845	-318.3	-1.177E3
19.878	-313.7	-1.178E3
19.912	-300.7	-1.181E3
19.945	-281.1	-1.185E3
19.978	-255.3	-1.190E3
20.012	-220.2	-1.196E3
20.045	-182.5	-1.201E3
20.078	-137.2	-1.206E3
20.112	-89.90	-1.209E3
20.145	-39.38	-1.211E3
20.179	13.16	-1.210E3
20.212	61.41	-1.208E3
20.245	112.4	-1.203E3
20.279	157.3	-1.197E3
20.312	199.3	-1.190E3
20.345	237.8	-1.182E3
20.379	267.6	-1.175E3
20.412	294.1	-1.168E3
20.445	312.8	-1.163E3
20.479	322.7	-1.160E3
20.512	326.2	-1.159E3
20.545	323.0	-1.160E3
20.579	308.1	-1.164E3
20.612	289.9	-1.169E3
20.645	262.2	-1.176E3
20.679	226.4	-1.184E3
20.712	189.0	-1.191E3
20.746	144.4	-1.198E3
20.779	94.42	-1.204E3
20.812	41.46	-1.208E3
20.846	-12.28	-1.210E3
20.879	-64.71	-1.209E3
20.912	-116.9	-1.206E3
20.946	-164.0	-1.202E3
20.979	-208.6	-1.196E3
21.012	-246.2	-1.190E3
21.046	-277.7	-1.184E3
21.079	-300.9	-1.179E3
21.112	-317.7	-1.175E3
21.146	-323.9	-1.174E3
21.179	-323.8	-1.174E3
21.212	-315.8	-1.176E3
21.246	-299.1	-1.180E3
21.279	-274.9	-1.185E3
21.313	-243.7	-1.191E3
21.346	-205.5	-1.197E3
21.379	-164.2	-1.202E3
21.413	-117.6	-1.206E3
21.446	-67.78	-1.209E3
21.479	-16.77	-1.209E3
21.513	34.20	-1.208E3
21.546	83.60	-1.205E3
21.579	130.8	-1.200E3
21.613	176.4	-1.193E3
21.646	214.4	-1.186E3
21.679	248.8	-1.178E3
21.713	276.4	-1.171E3
21.746	297.7	-1.165E3
21.779	312.9	-1.161E3
21.813	319.8	-1.159E3
21.846	319.1	-1.159E3
21.880	309.7	-1.162E3
21.913	294.6	-1.166E3
21.946	271.9	-1.172E3
21.980	240.2	-1.180E3
22.013	205.4	-1.187E3
22.046	160.9	-1.195E3
22.080	115.7	-1.201E3
22.113	64.88	-1.206E3
22.146	12.91	-1.208E3
22.180	-39.16	-1.209E3
22.213	-90.94	-1.207E3
22.246	-139.3	-1.204E3
22.280	-183.9	-1.199E3
22.313	-225.5	-1.193E3
22.346	-260.2	-1.187E3
22.380	-288.8	-1.181E3
22.413	-309.5	-1.176E3
22.447	-322.1	-1.173E3
22.480	-326.1	-1.172E3
22.513	-321.8	-1.173E3
22.547	-309.4	-1.176E3
22.580	-288.5	-1.181E3
22.613	-260.9	-1.187E3
22.647	-226.5	-1.193E3
22.680	-186.3	-1.199E3
22.713	-141.3	-1.204E3
22.747	-94.13	-1.207E3
22.780	-43.06	-1.209E3
22.813	7.373	-1.209E3
22.847	58.57	-1.206E3
22.880	107.3	-1.202E3
22.913	153.1	-1.196E3
22.947	195.2	-1.189E3
22.980	231.3	-1.182E3
23.014	261.7	-1.175E3
23.047	285.4	-1.169E3
23.080	302.4	-1.164E3
23.114	311.6	-1.161E3
23.147	314.6	-1.160E3
23.180	310.1	-1.161E3
23.214	299.1	-1.165E3
23.247	280.0	-1.170E3
23.280	254.1	-1.177E3
23.314	221.3	-1.184E3
23.347	181.2	-1.192E3
23.380	137.0	-1.199E3
23.414	89.48	-1.204E3
23.447	38.51	-1.208E3
23.480	-13.24	-1.209E3
23.514	-64.14	-1.209E3
23.547	-115.0	-1.206E3
23.581	-161.3	-1.202E3
23.614	-205.1	-1.196E3
23.647	-242.7	-1.190E3
23.681	-274.6	-1.184E3
23.714	-300.2	-1.178E3
23.747	-316.5	-1.174E3
23.781	-324.4	-1.172E3
23.814	-324.1	-1.172E3
23.847	-315.8	-1.174E3
23.881	-299.3	-1.178E3
23.914	-275.8	-1.183E3
23.947	-244.8	-1.189E3
23.981	-208.1	-1.195E3
24.014	-166.5	-1.200E3
24.047	-119.9	-1.205E3
24.081	-70.17	-1.208E3
24.114	-19.85	-1.209E3
24.148	31.02	-1.208E3
24.181	80.04	-1.205E3
24.214	127.8	-1.200E3
24.248	171.9	-1.193E3
24.281	211.3	-1.186E3
24.314	244.5	-1.179E3
24.348	272.8	-1.172E3
24.381	292.5	-1.167E3
24.414	304.9	-1.162E3
24.448	311.0	-1.160E3
24.481	311.4	-1.161E3
24.514	302.3	-1.163E3
24.548	287.9	-1.168E3
24.581	265.5	-1.174E3
24.614	236.3	-1.181E3
24.648	200.2	-1.189E3
24.681	159.6	-1.196E3
24.715	114.0	-1.202E3
24.748	64.98	-1.207E3
24.781	14.32	-1.209E3
24.815	-37.41	-1.210E3
24.848	-88.20	-1.208E3
24.881	-136.0	-1.205E3
24.915	-181.5	-1.200E3
24.948	-222.8	-1.194E3
24.981	-257.6	-1.188E3
25.015	-285.9	-1.182E3
25.048	-306.8	-1.177E3
25.081	-319.2	-1.174E3
25.115	-324.0	-1.172E3
25.148	-319.9	-1.173E3
25.181	-306.7	-1.177E3
25.215	-286.5	-1.182E3
25.248	-259.6	-1.187E3
25.282	-226.1	-1.193E3
25.315	-186.1	-1.199E3
25.348	-142.1	-1.204E3
25.382	-95.92	-1.207E3
25.415	-45.95	-1.209E3
25.448	4.534	-1.209E3
25.482	55.09	-1.207E3
25.515	103.1	-1.203E3
25.548	149.7	-1.197E3
25.582	191.3	-1.190E3
25.615	227.6	-1.183E3
25.648	258.1	-1.176E3
25.682	281.7	-1.170E3
25.715	298.2	-1.165E3
25.748	308.5	-1.162E3
25.782	311.3	-1.161E3
25.815	306.1	-1.162E3
25.849	294.9	-1.166E3
25.882	276.8	-1.171E3
25.915	251.3	-1.178E3
25.949	219.0	-1.185E3
25.982	181.6	-1.192E3
26.015	138.2	-1.199E3
26.049	91.50	-1.204E3
26.082	41.39	-1.208E3
26.115	-10.66	-1.209E3
26.149	-61.50	-1.209E3
26.182	-112.2	-1.206E3
26.215	-158.8	-1.202E3
26.249	-202.9	-1.196E3
26.282	-240.5	-1.190E3
26.315	-271.8	-1.184E3
26.349	-297.1	-1.178E3
26.382	-313.0	-1.174E3
26.416	-320.7	-1.172E3
26.449	-320.8	-1.172E3
26.482	-312.8	-1.174E3
26.516	-296.5	-1.178E3
26.549	-271.5	-1.184E3
26.582	-242.2	-1.189E3
26.616	-205.6	-1.195E3
26.649	-165.1	-1.200E3
26.682	-120.2	-1.204E3
26.716	-71.25	-1.207E3
26.749	-21.49	-1.208E3
26.782	28.42	-1.207E3
26.816	76.97	-1.204E3
26.849	124.4	-1.199E3
26.882	168.0	-1.193E3
26.916	207.0	-1.186E3
26.949	240.5	-1.179E3
26.983	269.4	-1.172E3
27.016	289.6	-1.166E3
27.049	301.0	-1.162E3
27.083	307.5	-1.160E3
27.116	306.4	-1.160E3
27.149	298.8	-1.163E3
27.183	284.3	-1.167E3
27.216	263.0	-1.173E3
27.249	234.2	-1.180E3
27.283	199.6	-1.187E3
27.316	158.7	-1.194E3
27.349	113.3	-1.200E3
27.383	64.87	-1.205E3
27.416	13.92	-1.208E3
27.449	-37.26	-1.208E3
27.483	-87.56	-1.207E3
27.516	-136.8	-1.203E3
27.550	-181.8	-1.198E3
27.583	-222.8	-1.192E3
27.616	-257.0	-1.186E3
27.650	-284.6	-1.180E3
27.683	-304.9	-1.175E3
27.716	-316.7	-1.172E3
27.750	-320.6	-1.171E3
27.783	-316.5	-1.172E3
27.816	-304.5	-1.175E3
27.850	-284.3	-1.180E3
27.883	-256.5	-1.186E3
27.916	-222.7	-1.192E3
27.950	-183.8	-1.198E3
27.983	-140.9	-1.202E3
28.016	-94.13	-1.206E3
28.050	-45.20	-1.208E3
28.083	4.322	-1.208E3
28.117	53.47	-1.206E3
28.150	101.5	-1.202E3
28.183	145.5	-1.197E3
28.217	187.4	-1.190E3
28.250	223.2	-1.183E3
28.283	254.0	-1.176E3
28.317	277.6	-1.170E3
28.350	294.4	-1.165E3
28.383	303.8	-1.162E3
28.417	306.7	-1.161E3
28.450	302.4	-1.162E3
28.483	291.6	-1.166E3
28.517	273.9	-1.171E3
28.550	249.3	-1.177E3
28.583	216.4	-1.185E3
28.617	180.0	-1.192E3
28.650	136.0	-1.199E3
28.684	89.04	-1.204E3
28.717	38.86	-1.208E3
28.750	-12.18	-1.209E3
28.784	-63.39	-1.209E3
28.817	-113.6	-1.206E3
28.850	-159.1	-1.202E3
28.884	-202.0	-1.196E3
28.917	-239.1	-1.190E3
28.950	-269.6	-1.184E3
28.984	-293.4	-1.179E3
29.017	-308.8	-1.175E3
29.050	-317.0	-1.173E3
29.084	-316.9	-1.173E3
29.117	-308.3	-1.175E3
29.150	-291.6	-1.179E3
29.184	-268.1	-1.184E3
29.217	-237.1	-1.190E3
29.251	-200.5	-1.196E3
29.284	-159.1	-1.201E3
29.317	-114.8	-1.205E3
29.351	-66.32	-1.208E3
29.384	-17.10	-1.209E3
29.417	32.09	-1.208E3
29.451	80.20	-1.205E3
29.484	127.1	-1.200E3
29.517	170.1	-1.194E3
29.551	209.5	-1.187E3
29.584	244.1	-1.180E3
29.617	269.9	-1.174E3
29.651	289.9	-1.169E3
29.684	304.5	-1.165E3
29.717	312.0	-1.163E3
29.751	311.8	-1.163E3
29.784	302.2	-1.166E3
29.818	287.8	-1.170E3
29.851	265.0	-1.176E3
29.884	235.7	-1.183E3
29.918	201.2	-1.190E3
29.951	160.1	-1.197E3
29.984	114.6	-1.203E3
30.018	67.40	-1.207E3
30.051	15.07	-1.210E3
30.084	-36.21	-1.210E3
30.118	-87.05	-1.208E3
30.151	-133.7	-1.205E3
30.184	-178.6	-1.200E3
30.218	-219.4	-1.194E3
30.251	-252.3	-1.188E3
30.284	-280.3	-1.182E3
30.318	-298.7	-1.178E3
30.351	-310.3	-1.175E3
30.385	-313.9	-1.174E3
30.418	-309.7	-1.175E3
30.451	-297.6	-1.178E3
30.485	-278.6	-1.182E3
30.518	-252.1	-1.187E3
30.551	-218.4	-1.193E3
30.585	-180.5	-1.198E3
30.618	-136.3	-1.203E3
30.651	-90.45	-1.206E3
30.685	-40.98	-1.208E3
30.718	7.851	-1.208E3
30.751	56.71	-1.206E3
30.785	104.5	-1.202E3
30.818	148.4	-1.197E3
30.851	188.1	-1.191E3
30.885	224.3	-1.184E3
30.918	253.2	-1.178E3
30.952	277.1	-1.172E3
30.985	292.1	-1.167E3
31.018	302.0	-1.164E3
31.052	305.0	-1.163E3
31.085	301.8	-1.165E3
31.118	289.8	-1.168E3
31.152	272.4	-1.173E3
31.185	246.9	-1.180E3
31.218	215.2	-1.187E3
31.252	177.2	-1.194E3
31.285	135.0	-1.200E3
31.318	88.24	-1.205E3
31.352	38.06	-1.208E3
31.385	-12.57	-1.210E3
31.418	-63.21	-1.209E3
31.452	-112.3	-1.206E3
31.485	-157.3	-1.202E3
31.519	-198.1	-1.197E3
31.552	-234.1	-1.191E3
31.585	-264.9	-1.185E3
31.619	-288.2	-1.180E3
31.652	-304.3	-1.176E3
31.685	-311.4	-1.174E3
31.719	-311.2	-1.174E3
31.752	-303.0	-1.176E3
31.785	-288.1	-1.179E3
31.819	-264.4	-1.184E3
31.852	-235.5	-1.189E3
31.885	-199.1	-1.195E3
31.919	-158.6	-1.200E3
31.952	-114.3	-1.204E3
31.985	-66.31	-1.207E3
32.019	-17.14	-1.208E3
32.052	31.99	-1.207E3
32.086	80.76	-1.204E3
32.119	125.2	-1.200E3
32.152	168.2	-1.194E3
32.186	207.2	-1.187E3
32.219	239.2	-1.181E3
32.252	265.3	-1.175E3
32.286	284.3	-1.169E3
32.319	298.0	-1.166E3
32.352	304.2	-1.164E3
32.386	303.9	-1.165E3
32.419	296.1	-1.167E3
32.452	281.3	-1.171E3
32.486	259.6	-1.177E3
32.519	230.6	-1.184E3
32.552	195.5	-1.191E3
32.586	154.8	-1.198E3
32.619	111.5	-1.203E3
32.653	63.52	-1.207E3
32.686	13.35	-1.210E3
32.719	-36.95	-1.210E3
32.753	-86.40	-1.208E3
32.786	-132.1	-1.205E3
32.819	-176.1	-1.200E3
32.853	-215.7	-1.194E3
32.886	-249.5	-1.188E3
32.919	-276.5	-1.182E3
32.953	-296.4	-1.177E3
32.986	-308.2	-1.174E3
33.019	-311.9	-1.173E3
33.053	-307.6	-1.174E3
33.086	-295.6	-1.177E3
33.119	-276.6	-1.181E3
33.153	-251.1	-1.186E3
33.186	-217.5	-1.192E3
33.220	-180.2	-1.197E3
33.253	-136.5	-1.202E3
33.286	-91.49	-1.205E3
33.320	-43.50	-1.207E3
33.353	5.465	-1.207E3
33.386	54.27	-1.205E3
33.420	100.6	-1.201E3
33.453	145.5	-1.196E3
33.486	186.9	-1.190E3
33.520	221.0	-1.184E3
33.553	251.6	-1.177E3
33.586	274.8	-1.171E3
33.620	291.4	-1.167E3
33.653	299.8	-1.164E3
33.686	302.0	-1.163E3
33.720	298.4	-1.165E3
33.753	287.1	-1.168E3
33.787	268.9	-1.174E3
33.820	244.0	-1.180E3
33.853	211.6	-1.187E3
33.887	174.2	-1.194E3
33.920	132.1	-1.200E3
33.953	86.90	-1.205E3
33.987	38.36	-1.208E3
34.020	-11.64	-1.209E3
34.053	-61.83	-1.208E3
34.087	-108.5	-1.206E3
34.120	-153.8	-1.202E3
34.153	-196.1	-1.196E3
34.187	-233.1	-1.190E3
34.220	-263.5	-1.184E3
34.253	-286.8	-1.179E3
34.287	-302.9	-1.175E3
34.320	-311.2	-1.172E3
34.354	-310.9	-1.172E3
34.387	-302.8	-1.174E3
34.420	-286.9	-1.178E3
34.454	-263.8	-1.183E3
34.487	-233.2	-1.189E3
34.520	-199.3	-1.194E3
34.554	-159.2	-1.199E3
34.587	-115.6	-1.203E3
34.620	-68.70	-1.206E3
34.654	-20.37	-1.207E3
34.687	28.79	-1.206E3
34.720	76.66	-1.203E3
34.754	122.4	-1.199E3
34.787	164.5	-1.194E3
34.820	203.4	-1.187E3
34.854	234.9	-1.181E3
34.887	261.7	-1.175E3
34.921	281.8	-1.170E3
34.954	293.8	-1.166E3
34.987	301.4	-1.165E3
35.021	299.9	-1.165E3
35.054	292.7	-1.168E3
35.087	278.3	-1.172E3
35.121	256.3	-1.178E3
35.154	228.3	-1.184E3
35.187	193.4	-1.191E3
35.221	153.2	-1.198E3
35.254	109.7	-1.203E3
35.287	63.15	-1.207E3
35.321	13.87	-1.209E3
35.354	-36.50	-1.209E3
35.387	-85.80	-1.207E3
35.421	-132.2	-1.204E3
35.454	-175.9	-1.199E3
35.488	-215.3	-1.193E3
35.521	-248.0	-1.187E3
35.554	-273.6	-1.182E3
35.588	-293.9	-1.177E3
35.621	-305.1	-1.174E3
35.654	-308.7	-1.173E3
35.688	-304.4	-1.174E3
35.721	-292.0	-1.177E3
35.754	-272.6	-1.181E3
35.788	-246.7	-1.186E3
35.821	-214.1	-1.192E3
35.854	-177.4	-1.197E3
35.888	-133.8	-1.202E3
35.921	-90.34	-1.205E3
35.954	-42.55	-1.207E3
35.988	5.235	-1.207E3
36.021	53.25	-1.205E3
36.055	99.57	-1.202E3
36.088	143.3	-1.197E3
36.121	183.5	-1.191E3
36.155	218.9	-1.185E3
36.188	248.1	-1.179E3
36.221	272.1	-1.173E3
36.255	288.4	-1.169E3
36.288	297.0	-1.166E3
36.321	301.2	-1.166E3
36.355	296.4	-1.167E3
36.388	285.6	-1.171E3
36.421	268.0	-1.176E3
36.455	242.9	-1.182E3
36.488	211.2	-1.189E3
36.521	174.8	-1.195E3
36.555	133.2	-1.201E3
36.588	87.15	-1.206E3
36.622	39.04	-1.209E3
36.655	-10.78	-1.210E3
36.688	-60.36	-1.209E3
36.722	-108.5	-1.206E3
36.755	-152.7	-1.202E3
36.788	-193.3	-1.197E3
36.822	-229.0	-1.191E3
36.855	-259.2	-1.185E3
36.888	-281.5	-1.180E3
36.922	-294.6	-1.177E3
36.955	-301.8	-1.175E3
36.988	-301.6	-1.175E3
37.022	-293.0	-1.177E3
37.055	-278.2	-1.180E3
37.088	-256.7	-1.184E3
37.122	-228.2	-1.189E3
37.155	-191.9	-1.195E3
37.189	-152.0	-1.200E3
37.222	-108.6	-1.204E3
37.255	-64.26	-1.206E3
37.289	-16.79	-1.207E3
37.322	31.22	-1.206E3
37.355	78.06	-1.204E3
37.389	122.3	-1.200E3
37.422	166.4	-1.194E3
37.455	202.6	-1.188E3
37.489	234.8	-1.182E3
37.522	261.9	-1.176E3
37.555	282.2	-1.171E3
37.589	296.1	-1.168E3
37.622	300.4	-1.166E3
37.655	300.7	-1.167E3
37.689	292.6	-1.169E3
37.722	277.9	-1.173E3
37.756	256.6	-1.179E3
37.789	228.5	-1.185E3
37.822	193.5	-1.192E3
37.856	154.4	-1.198E3
37.889	111.0	-1.203E3
37.922	63.31	-1.207E3
37.956	14.07	-1.209E3
37.989	-35.96	-1.209E3
38.022	-84.90	-1.207E3
38.056	-132.9	-1.203E3
38.089	-173.1	-1.199E3
38.122	-211.8	-1.193E3
38.156	-244.6	-1.187E3
38.189	-269.3	-1.182E3
38.222	-286.8	-1.178E3
38.256	-297.9	-1.175E3
38.289	-301.5	-1.174E3
38.323	-296.8	-1.175E3
38.356	-285.7	-1.177E3
38.389	-266.7	-1.181E3
38.423	-241.4	-1.186E3
38.456	-209.6	-1.191E3
38.489	-171.6	-1.197E3
38.523	-130.6	-1.201E3
38.556	-86.56	-1.204E3
38.589	-40.35	-1.206E3
38.623	7.399	-1.206E3
38.656	54.68	-1.204E3
38.689	100.9	-1.201E3
38.723	144.2	-1.196E3
38.756	182.2	-1.191E3
38.789	217.3	-1.185E3
38.823	246.1	-1.179E3
38.856	269.0	-1.174E3
38.890	285.7	-1.170E3
38.923	294.4	-1.167E3
38.956	297.4	-1.167E3
38.990	293.3	-1.168E3
39.023	282.5	-1.171E3
39.056	264.6	-1.176E3
39.090	240.6	-1.182E3
39.123	208.7	-1.189E3
39.156	172.0	-1.195E3
39.190	129.9	-1.201E3
39.223	83.81	-1.206E3
39.256	35.79	-1.209E3
39.290	-13.56	-1.210E3
39.323	-62.70	-1.209E3
39.356	-110.5	-1.206E3
39.390	-155.5	-1.201E3
39.423	-195.1	-1.196E3
39.457	-230.0	-1.190E3
39.490	-259.2	-1.184E3
39.523	-281.4	-1.179E3
39.557	-296.4	-1.175E3
39.590	-303.1	-1.173E3
39.623	-302.5	-1.173E3
39.657	-294.2	-1.175E3
39.690	-278.6	-1.178E3
39.723	-255.6	-1.183E3
39.757	-227.3	-1.188E3
39.790	-191.1	-1.194E3
39.823	-151.3	-1.199E3
39.857	-107.8	-1.203E3
39.890	-62.17	-1.206E3
39.923	-15.02	-1.207E3
39.957	32.72	-1.206E3
39.990	79.02	-1.204E3
40.024	123.8	-1.200E3
40.057	164.0	-1.195E3
40.090	201.3	-1.189E3
40.124	233.1	-1.183E3
40.157	259.0	-1.177E3
40.190	278.3	-1.173E3
40.224	291.3	-1.170E3
40.257	296.7	-1.168E3
40.290	294.9	-1.168E3
40.324	288.3	-1.171E3
40.357	274.2	-1.175E3
40.390	251.9	-1.180E3
40.424	223.9	-1.187E3
40.457	189.4	-1.194E3
40.490	149.5	-1.200E3
40.524	105.6	-1.205E3
40.557	58.25	-1.209E3
40.591	9.268	-1.211E3
40.624	-39.69	-1.211E3
40.657	-87.39	-1.209E3
40.691	-133.3	-1.205E3
40.724	-174.9	-1.200E3
40.757	-212.5	-1.194E3
40.791	-244.9	-1.188E3
40.824	-269.3	-1.183E3
40.857	-288.4	-1.178E3
40.891	-299.2	-1.175E3
40.924	-302.3	-1.174E3
40.957	-297.6	-1.175E3
40.991	-285.2	-1.178E3
41.024	-265.9	-1.182E3
41.057	-240.2	-1.187E3
41.091	-208.6	-1.192E3
41.124	-169.9	-1.198E3
41.158	-129.5	-1.202E3
41.191	-83.60	-1.206E3
41.224	-37.45	-1.208E3
41.258	9.914	-1.208E3
41.291	57.19	-1.206E3
41.324	102.2	-1.203E3
41.358	146.1	-1.198E3
41.391	183.9	-1.193E3
41.424	218.5	-1.187E3
41.458	247.9	-1.181E3
41.491	270.3	-1.176E3
41.524	286.3	-1.172E3
41.558	296.3	-1.170E3
41.591	296.5	-1.169E3
41.624	293.0	-1.171E3
41.658	280.9	-1.174E3
41.691	263.7	-1.179E3
41.725	238.6	-1.185E3
41.758	208.0	-1.191E3
41.791	169.0	-1.198E3
41.825	127.8	-1.203E3
41.858	82.83	-1.207E3
41.891	34.38	-1.210E3
41.925	-14.27	-1.211E3
41.958	-61.39	-1.210E3
41.991	-108.2	-1.207E3
42.025	-150.5	-1.203E3
42.058	-191.9	-1.197E3
42.091	-227.1	-1.191E3
42.125	-253.6	-1.186E3
42.158	-275.5	-1.181E3
42.191	-288.9	-1.178E3
42.225	-296.0	-1.176E3
42.258	-295.4	-1.176E3
42.292	-288.1	-1.177E3
42.325	-273.3	-1.180E3
42.358	-249.6	-1.185E3
42.392	-221.8	-1.190E3
42.425	-187.6	-1.195E3
42.458	-148.6	-1.200E3
42.492	-105.6	-1.204E3
42.525	-59.79	-1.207E3
42.558	-12.95	-1.208E3
42.592	34.49	-1.207E3
42.625	80.23	-1.205E3
42.658	124.4	-1.201E3
42.692	164.9	-1.196E3
42.725	201.8	-1.190E3
42.758	233.7	-1.184E3
42.792	258.9	-1.179E3
42.825	278.3	-1.174E3
42.859	289.7	-1.171E3
42.892	296.3	-1.170E3
42.925	293.9	-1.170E3
42.959	286.7	-1.173E3
42.992	271.5	-1.177E3
43.025	249.9	-1.182E3
43.059	221.3	-1.188E3
43.092	186.2	-1.195E3
43.125	147.4	-1.200E3
43.159	104.2	-1.205E3
43.192	57.37	-1.208E3
43.225	8.875	-1.210E3
43.259	-39.00	-1.210E3
43.292	-85.44	-1.208E3
43.325	-130.6	-1.204E3
43.359	-172.2	-1.199E3
43.392	-210.1	-1.193E3
43.426	-241.7	-1.187E3
43.459	-266.3	-1.182E3
43.492	-285.1	-1.177E3
43.526	-295.9	-1.174E3
43.559	-298.9	-1.173E3
43.592	-294.5	-1.174E3
43.626	-282.3	-1.177E3
43.659	-263.2	-1.181E3
43.692	-237.3	-1.186E3
43.726	-205.9	-1.191E3
43.759	-169.3	-1.196E3
43.792	-128.2	-1.201E3
43.826	-84.75	-1.204E3
43.859	-37.61	-1.206E3
43.892	8.999	-1.206E3
43.926	55.37	-1.205E3
43.959	101.0	-1.202E3
43.993	143.2	-1.197E3
44.026	182.1	-1.192E3
44.059	215.5	-1.186E3
44.093	243.8	-1.180E3
44.126	265.4	-1.175E3
44.159	281.4	-1.172E3
44.193	290.0	-1.170E3
44.226	292.3	-1.170E3
44.259	287.1	-1.171E3
44.293	276.4	-1.175E3
44.326	258.2	-1.180E3
44.359	232.7	-1.186E3
44.393	201.6	-1.192E3
44.426	165.8	-1.198E3
44.459	123.9	-1.203E3
44.493	79.40	-1.207E3
44.526	32.10	-1.209E3
44.560	-15.59	-1.210E3
44.593	-63.13	-1.209E3
44.626	-108.3	-1.206E3
44.660	-152.6	-1.201E3
44.693	-191.9	-1.196E3
44.726	-225.8	-1.190E3
44.760	-254.5	-1.184E3
44.793	-276.0	-1.179E3
44.826	-290.7	-1.175E3
44.860	-297.5	-1.173E3
44.893	-296.9	-1.173E3
44.926	-288.3	-1.175E3
44.960	-271.8	-1.179E3
44.993	-250.0	-1.183E3
45.026	-220.6	-1.189E3
45.060	-186.8	-1.194E3
45.093	-148.3	-1.199E3
45.127	-105.9	-1.203E3
45.160	-60.40	-1.206E3
45.193	-13.83	-1.207E3
45.227	32.48	-1.206E3
45.260	78.37	-1.204E3
45.293	122.6	-1.200E3
45.327	162.5	-1.195E3
45.360	198.5	-1.189E3
45.393	229.8	-1.184E3
45.427	255.5	-1.178E3
45.460	272.7	-1.174E3
45.493	284.6	-1.171E3
45.527	290.0	-1.170E3
45.560	289.2	-1.171E3
45.593	280.4	-1.173E3
45.627	265.7	-1.177E3
45.660	244.6	-1.183E3
45.694	216.3	-1.189E3
45.727	182.3	-1.195E3
45.760	143.4	-1.201E3
45.794	100.7	-1.205E3
45.827	54.69	-1.208E3
45.860	8.411	-1.210E3
45.894	-40.29	-1.209E3
45.927	-86.65	-1.207E3
45.960	-131.6	-1.203E3
45.994	-172.5	-1.198E3
46.027	-210.0	-1.192E3
46.060	-241.3	-1.186E3
46.094	-266.6	-1.180E3
46.127	-284.2	-1.176E3
46.160	-294.3	-1.173E3
46.194	-296.8	-1.172E3
46.227	-292.0	-1.173E3
46.261	-279.8	-1.176E3
46.294	-260.7	-1.180E3
46.327	-234.9	-1.185E3
46.361	-202.2	-1.191E3
46.394	-166.2	-1.196E3
46.427	-124.8	-1.201E3
46.461	-82.60	-1.204E3
46.494	-36.87	-1.206E3
46.527	9.046	-1.206E3
46.561	55.54	-1.205E3
46.594	100.2	-1.202E3
46.627	142.4	-1.198E3
46.661	180.2	-1.193E3
46.694	213.5	-1.187E3
46.727	241.7	-1.182E3
46.761	263.7	-1.177E3
46.794	278.0	-1.173E3
46.828	287.0	-1.171E3
46.861	289.3	-1.171E3
46.894	285.3	-1.173E3
46.928	273.0	-1.176E3
46.961	255.8	-1.181E3
46.994	230.6	-1.187E3
47.028	199.2	-1.193E3
47.061	163.0	-1.199E3
47.094	122.5	-1.204E3
47.128	78.09	-1.208E3
47.161	31.30	-1.210E3
47.194	-16.42	-1.210E3
47.228	-63.46	-1.209E3
47.261	-108.3	-1.206E3
47.294	-151.7	-1.201E3
47.328	-189.9	-1.196E3
47.361	-223.5	-1.190E3
47.395	-252.2	-1.184E3
47.428	-272.9	-1.179E3
47.461	-287.5	-1.175E3
47.495	-294.1	-1.173E3
47.528	-292.8	-1.173E3
47.561	-283.8	-1.175E3
47.595	-267.0	-1.179E3
47.628	-245.7	-1.183E3
47.661	-215.5	-1.189E3
47.695	-182.3	-1.194E3
47.728	-143.1	-1.199E3
47.761	-101.2	-1.203E3
47.795	-56.22	-1.206E3
47.828	-10.51	-1.207E3
47.861	34.32	-1.206E3
47.895	79.57	-1.204E3
47.928	122.3	-1.201E3
47.962	162.9	-1.196E3
47.995	198.2	-1.191E3
48.028	229.8	-1.185E3
48.062	253.4	-1.180E3
48.095	273.2	-1.176E3
48.128	284.5	-1.173E3
48.162	290.1	-1.172E3
48.195	289.0	-1.173E3
48.228	280.0	-1.175E3
48.262	265.0	-1.179E3
48.295	243.1	-1.184E3
48.328	215.1	-1.190E3
48.362	181.2	-1.196E3
48.395	142.3	-1.201E3
48.428	99.02	-1.206E3
48.462	53.51	-1.209E3
48.495	6.378	-1.210E3
48.529	-42.03	-1.209E3
48.562	-87.57	-1.207E3
48.595	-131.5	-1.203E3
48.629	-172.3	-1.198E3
48.662	-208.8	-1.192E3
48.695	-239.1	-1.186E3
48.729	-262.6	-1.181E3
48.762	-279.2	-1.177E3
48.795	-287.0	-1.175E3
48.829	-289.4	-1.174E3
48.862	-284.1	-1.175E3
48.895	-272.6	-1.177E3
48.929	-253.7	-1.181E3
48.962	-228.0	-1.186E3
48.995	-197.1	-1.191E3
49.029	-160.3	-1.196E3
49.062	-119.0	-1.201E3
49.096	-76.73	-1.204E3
49.129	-31.71	-1.206E3
49.162	13.33	-1.206E3
49.196	59.02	-1.205E3
49.229	103.0	-1.202E3
49.262	144.1	-1.198E3
49.296	183.5	-1.193E3
49.329	214.7	-1.188E3
49.362	242.6	-1.183E3
49.396	265.3	-1.178E3
49.429	280.6	-1.175E3
49.462	289.8	-1.173E3
49.496	291.5	-1.173E3
49.529	285.7	-1.174E3
49.562	273.7	-1.177E3
49.596	255.4	-1.182E3
49.629	229.5	-1.188E3
49.663	197.8	-1.194E3
49.696	161.1	-1.200E3
49.729	119.3	-1.205E3
49.763	75.27	-1.208E3
49.796	28.23	-1.210E3
49.829	-19.41	-1.210E3
49.863	-67.30	-1.208E3
49.896	-111.5	-1.205E3
49.929	-154.4	-1.200E3
49.963	-190.9	-1.195E3
49.996	-223.7	-1.189E3
50.029	-251.3	-1.183E3
50.063	-271.7	-1.178E3
50.096	-284.0	-1.175E3
50.129	-288.3	-1.174E3
50.163	-286.9	-1.174E3
50.196	-279.2	-1.175E3
50.230	-262.3	-1.179E3
50.263	-240.1	-1.183E3
50.296	-211.4	-1.188E3
50.330	-177.9	-1.193E3
50.363	-139.5	-1.198E3
50.396	-97.69	-1.202E3
50.430	-53.05	-1.205E3
50.463	-8.109	-1.206E3
50.496	37.48	-1.206E3
50.530	81.60	-1.204E3
50.563	125.0	-1.200E3
50.596	163.6	-1.196E3
50.630	198.6	-1.191E3
50.663	228.4	-1.186E3
50.696	253.2	-1.181E3
50.730	271.2	-1.177E3
50.763	281.5	-1.174E3
50.797	285.7	-1.173E3
50.830	284.5	-1.174E3
50.863	277.4	-1.177E3
50.897	262.0	-1.181E3
50.930	239.8	-1.186E3
50.963	211.4	-1.192E3
50.997	176.6	-1.198E3
51.030	138.5	-1.203E3
51.063	95.08	-1.207E3
51.097	49.61	-1.210E3
51.130	2.681	-1.211E3
51.163	-44.42	-1.210E3
51.197	-90.43	-1.207E3
51.230	-133.3	-1.203E3
51.263	-172.5	-1.198E3
51.297	-207.8	-1.192E3
51.330	-237.7	-1.186E3
51.364	-260.6	-1.181E3
51.397	-276.7	-1.177E3
51.430	-284.8	-1.175E3
51.464	-287.3	-1.174E3
51.497	-281.6	-1.175E3
51.530	-268.7	-1.178E3
51.564	-249.6	-1.182E3
51.597	-223.4	-1.187E3
51.630	-192.6	-1.192E3
51.664	-156.6	-1.197E3
51.697	-117.4	-1.201E3
51.730	-72.40	-1.205E3
51.764	-27.92	-1.207E3
51.797	17.74	-1.207E3
51.830	63.58	-1.206E3
51.864	106.4	-1.203E3
51.897	147.1	-1.199E3
51.931	184.4	-1.194E3
51.964	216.6	-1.189E3
51.997	244.2	-1.184E3
52.031	264.5	-1.180E3
52.064	279.6	-1.177E3
52.097	288.9	-1.175E3
52.131	290.4	-1.175E3
52.164	284.1	-1.177E3
52.197	271.6	-1.180E3
52.231	252.0	-1.185E3
52.264	227.2	-1.190E3
52.297	194.8	-1.196E3
52.331	158.0	-1.201E3
52.364	116.2	-1.206E3
52.397	71.94	-1.209E3
52.431	25.91	-1.211E3
52.464	-21.11	-1.211E3
52.498	-66.56	-1.209E3
52.531	-110.9	-1.206E3
52.564	-152.3	-1.201E3
52.598	-190.8	-1.195E3
52.631	-223.3	-1.189E3
52.664	-248.1	-1.184E3
52.698	-268.0	-1.179E3
52.731	-280.1	-1.176E3
52.764	-284.1	-1.175E3
52.798	-282.3	-1.175E3
52.831	-274.9	-1.176E3
52.864	-259.7	-1.179E3
52.898	-236.3	-1.184E3
52.931	-207.9	-1.189E3
52.964	-174.6	-1.194E3
52.998	-135.9	-1.199E3
53.031	-94.21	-1.203E3
53.065	-49.53	-1.206E3
53.098	-4.104	-1.207E3
53.131	40.72	-1.206E3
53.165	84.88	-1.204E3
53.198	126.8	-1.201E3
53.231	166.6	-1.196E3
53.265	201.4	-1.191E3
53.298	230.9	-1.186E3
53.331	253.7	-1.182E3
53.365	272.1	-1.178E3
53.398	283.8	-1.176E3
53.431	287.7	-1.175E3
53.465	285.5	-1.176E3
53.498	275.5	-1.178E3
53.531	260.6	-1.182E3
53.565	238.4	-1.187E3
53.598	208.1	-1.193E3
53.632	174.4	-1.198E3
53.665	135.1	-1.203E3
53.698	92.24	-1.207E3
53.732	46.30	-1.209E3
53.765	0.316	-1.210E3
53.798	-45.89	-1.209E3
53.832	-90.91	-1.206E3
53.865	-133.2	-1.202E3
53.898	-171.7	-1.197E3
53.932	-206.8	-1.191E3
53.965	-236.1	-1.185E3
53.998	-258.7	-1.180E3
54.032	-274.7	-1.176E3
54.065	-283.0	-1.174E3
54.098	-284.8	-1.173E3
54.132	-279.6	-1.174E3
54.165	-266.6	-1.177E3
54.199	-247.5	-1.181E3
54.232	-221.6	-1.186E3
54.265	-191.2	-1.191E3
54.299	-155.2	-1.196E3
54.332	-115.6	-1.200E3
54.365	-72.52	-1.204E3
54.399	-27.79	-1.206E3
54.432	16.93	-1.206E3
54.465	62.34	-1.205E3
54.499	105.3	-1.202E3
54.532	145.6	-1.198E3
54.565	182.7	-1.193E3
54.599	214.5	-1.188E3
54.632	241.0	-1.183E3
54.665	260.7	-1.179E3
54.699	274.8	-1.176E3
54.732	283.8	-1.175E3
54.766	284.6	-1.175E3
54.799	278.7	-1.177E3
54.832	265.9	-1.180E3
54.866	246.5	-1.185E3
54.899	221.0	-1.190E3
54.932	188.7	-1.196E3
54.966	153.0	-1.201E3
54.999	111.9	-1.205E3
55.032	68.42	-1.208E3
55.066	22.81	-1.210E3
55.099	-23.71	-1.209E3
55.132	-69.68	-1.207E3
55.166	-112.0	-1.204E3
55.199	-153.3	-1.199E3
55.232	-190.0	-1.193E3
55.266	-222.3	-1.187E3
55.299	-246.8	-1.182E3
55.333	-266.9	-1.177E3
55.366	-279.9	-1.173E3
55.399	-284.6	-1.172E3
55.433	-282.7	-1.172E3
55.466	-273.6	-1.174E3
55.499	-257.1	-1.178E3
55.533	-234.8	-1.182E3
55.566	-205.1	-1.188E3
55.599	-172.0	-1.193E3
55.633	-133.9	-1.198E3
55.666	-92.63	-1.202E3
55.699	-49.13	-1.205E3
55.733	-4.215	-1.206E3
55.766	40.67	-1.206E3
55.799	84.57	-1.204E3
55.833	126.3	-1.201E3
55.866	164.6	-1.197E3
55.900	199.3	-1.192E3
55.933	228.0	-1.187E3
55.966	251.2	-1.182E3
56.000	268.0	-1.179E3
56.033	279.2	-1.177E3
56.066	281.8	-1.176E3
56.100	279.2	-1.177E3
56.133	270.5	-1.180E3
56.166	254.9	-1.184E3
56.200	232.2	-1.189E3
56.233	203.5	-1.194E3
56.266	169.3	-1.199E3
56.300	130.8	-1.204E3
56.333	88.79	-1.208E3
56.366	44.49	-1.210E3
56.400	-1.698	-1.210E3
56.433	-47.05	-1.209E3
56.467	-91.69	-1.206E3
56.500	-133.2	-1.202E3
56.533	-173.2	-1.196E3
56.567	-205.7	-1.191E3
56.600	-235.2	-1.185E3
56.633	-256.8	-1.180E3
56.667	-272.8	-1.176E3
56.700	-281.8	-1.173E3
