	mass A		
t	x	y	
0.000	111.7	-532.5
0.033	73.67	-539.4
0.067	40.99	-542.6
0.100	5.825	-543.7
0.133	-35.75	-542.3
0.167	-73.37	-538.5
0.200	-100.4	-534.1
0.233	-126.1	-528.1
0.267	-145.6	-522.5
0.300	-156.6	-519.6
0.334	-160.5	-517.6
0.367	-156.5	-517.5
0.400	-143.3	-521.3
0.434	-124.8	-526.4
0.467	-101.5	-531.2
0.500	-71.63	-536.5
0.534	-37.20	-541.0
0.567	0.832	-542.7
0.600	39.34	-541.7
0.634	78.89	-538.4
0.667	85.63	-538.5
0.700	121.8	-531.5
0.734	154.3	-523.5
0.767	177.4	-516.5
0.800	191.5	-511.4
0.834	190.5	-511.4
0.867	190.8	-511.4
0.901	191.1	-511.6
0.934	179.6	-515.4
0.967	157.4	-522.4
1.001	126.9	-530.6
1.034	85.51	-538.4
1.067	78.86	-540.5
1.101	35.69	-544.4
1.134	-6.674	-545.2
1.167	-44.45	-543.7
1.201	-84.30	-538.6
1.234	-109.3	-533.2
1.267	-133.0	-527.3
1.301	-147.4	-522.6
1.334	-155.5	-519.5
1.368	-155.9	-519.3
1.401	-148.8	-521.2
1.434	-135.2	-525.3
1.468	-116.8	-530.8
1.501	-89.78	-536.4
1.534	-60.48	-541.6
1.568	-25.50	-545.1
1.601	11.40	-546.7
1.634	49.73	-545.1
1.668	87.72	-541.3
1.701	90.09	-541.6
1.734	121.8	-535.5
1.768	152.9	-527.6
1.801	175.4	-520.4
1.834	188.7	-515.5
1.868	193.7	-513.5
1.901	192.2	-513.6
1.935	181.8	-516.5
1.968	165.9	-521.5
2.001	141.5	-528.5
2.035	147.7	-528.5
2.068	105.7	-538.4
2.101	67.24	-544.4
2.135	27.99	-547.7
2.168	-12.78	-547.6
2.201	-50.57	-544.9
2.235	-84.24	-539.6
2.268	-112.9	-533.6
2.301	-136.2	-527.6
2.335	-149.8	-523.6
2.368	-155.8	-521.3
2.401	-156.0	-521.5
2.435	-149.9	-523.7
2.468	-136.8	-527.9
2.502	-114.7	-533.2
2.535	-89.91	-538.7
2.568	-59.65	-543.3
2.602	-26.82	-546.4
2.635	12.31	-547.4
2.668	44.56	-546.4
2.702	82.66	-542.6
2.735	117.7	-536.5
2.768	144.2	-530.6
2.802	169.4	-523.4
2.835	191.7	-516.4
2.868	228.1	-503.5
2.902	235.0	-500.6
2.935	231.9	-501.5
2.969	220.4	-505.5
3.002	199.4	-513.2
3.035	172.0	-522.6
3.069	138.2	-531.6
3.102	99.94	-539.6
3.135	60.68	-545.3
3.169	12.72	-549.2
3.202	-21.12	-549.4
3.235	-54.43	-547.5
3.269	-85.49	-543.6
3.302	-110.6	-538.3
3.335	-133.5	-532.6
3.369	-148.2	-527.6
3.402	-154.4	-524.3
3.435	-153.9	-523.6
3.469	-143.4	-525.7
3.502	-128.7	-529.6
3.536	-109.4	-534.6
3.569	-81.67	-540.5
3.602	-52.36	-545.5
3.636	-15.55	-549.1
3.669	12.63	-550.7
3.702	30.53	-550.6
3.736	63.44	-548.2
3.769	99.75	-543.6
3.802	125.5	-538.4
3.836	158.7	-529.5
3.869	179.4	-522.5
3.902	192.3	-517.4
3.936	196.8	-515.5
3.969	192.6	-516.4
4.002	180.6	-520.4
4.036	158.2	-527.6
4.069	162.9	-527.5
4.103	135.1	-535.6
4.136	96.84	-543.5
4.169	55.72	-549.3
4.203	18.84	-551.5
4.236	-18.67	-550.7
4.269	-53.51	-547.3
4.303	-85.93	-542.6
4.336	-109.3	-537.3
4.369	-127.8	-532.4
4.403	-141.2	-528.6
4.436	-147.7	-526.5
4.469	-145.3	-527.1
4.503	-138.9	-529.6
4.536	-124.7	-533.7
4.570	-103.2	-538.5
4.603	-76.44	-543.7
4.636	-46.32	-547.5
4.670	-12.00	-549.8
4.703	21.80	-550.4
4.736	55.37	-548.5
4.770	90.71	-544.5
4.803	123.2	-538.6
4.836	131.2	-536.4
4.870	157.1	-529.6
4.903	175.3	-523.4
4.936	190.0	-518.6
4.970	195.5	-516.4
5.003	193.2	-517.3
5.036	182.5	-521.4
5.070	161.4	-528.4
5.103	133.1	-536.5
5.137	123.6	-539.4
5.170	90.01	-545.5
5.203	49.75	-550.4
5.237	12.79	-552.3
5.270	-23.50	-551.3
5.303	-56.88	-548.3
5.337	-87.51	-543.5
5.370	-110.8	-538.2
5.403	-127.6	-533.4
5.437	-140.0	-529.4
5.470	-145.9	-527.3
5.503	-145.3	-527.6
5.537	-136.1	-530.3
5.570	-122.4	-534.5
5.604	-101.9	-539.7
5.637	-77.13	-544.7
5.670	-46.52	-549.1
5.704	-14.12	-552.2
5.737	18.22	-553.3
5.770	30.12	-553.4
5.804	67.08	-550.6
5.837	100.7	-545.5
5.870	133.3	-538.5
5.904	155.0	-532.6
5.937	170.6	-527.5
5.970	184.1	-522.6
6.004	185.9	-521.5
6.037	181.6	-522.4
6.070	171.3	-525.4
6.104	151.2	-531.3
6.137	123.9	-538.5
6.171	92.71	-544.5
6.204	89.57	-544.5
6.237	50.76	-549.5
6.271	13.72	-551.5
6.304	-22.01	-550.9
6.337	-54.99	-547.8
6.371	-80.16	-543.2
6.404	-103.8	-538.4
6.437	-121.2	-533.3
6.471	-133.3	-529.6
6.504	-138.6	-527.5
6.537	-137.3	-527.5
6.571	-129.5	-529.7
6.604	-115.6	-533.5
6.637	-95.41	-538.3
6.671	-70.66	-543.5
6.704	-41.79	-547.8
6.738	-8.622	-550.3
6.771	27.41	-550.8
6.804	63.55	-548.4
6.838	100.2	-543.5
6.871	97.36	-543.5
6.904	126.9	-537.5
6.938	153.0	-530.6
6.971	172.0	-524.5
7.004	183.5	-520.4
7.038	188.8	-518.5
7.071	185.7	-519.5
7.104	170.2	-524.3
7.138	148.0	-531.6
7.171	120.3	-538.3
7.204	90.18	-544.6
7.238	54.36	-549.4
7.271	52.73	-549.5
7.305	16.04	-551.6
7.338	-18.49	-550.6
7.371	-51.37	-547.8
7.405	-78.33	-543.2
7.438	-102.2	-538.4
7.471	-121.5	-533.6
7.505	-135.8	-529.5
7.538	-140.7	-527.7
7.571	-139.7	-527.9
7.605	-131.5	-530.1
7.638	-116.3	-534.5
7.671	-95.11	-539.7
7.705	-70.43	-544.9
7.738	-41.31	-549.2
7.772	-9.049	-552.2
7.805	21.37	-553.3
7.838	56.80	-551.5
7.872	82.86	-548.5
7.905	108.1	-543.4
7.938	137.6	-536.4
7.972	162.0	-529.5
8.005	179.6	-523.4
8.038	190.2	-519.4
8.072	194.4	-517.7
8.105	189.2	-519.2
8.138	177.4	-523.6
8.172	155.7	-530.4
8.205	130.2	-537.4
8.238	98.49	-544.5
8.272	61.04	-550.5
8.305	54.34	-550.4
8.339	14.57	-553.3
8.372	-16.81	-552.7
8.405	-50.02	-550.2
8.439	-77.65	-546.5
8.472	-101.1	-541.9
8.505	-120.4	-536.9
8.539	-133.3	-532.8
8.572	-138.7	-530.5
8.605	-137.0	-530.5
8.639	-128.3	-532.4
8.672	-114.4	-535.9
8.705	-94.78	-540.1
8.739	-70.81	-544.9
8.772	-41.68	-548.5
8.806	-12.08	-551.3
8.839	19.66	-552.5
8.872	51.81	-551.5
8.906	88.59	-547.5
8.939	118.9	-542.5
8.972	145.8	-536.5
9.006	167.3	-530.3
9.039	187.4	-523.6
9.072	198.6	-519.2
9.106	202.4	-517.6
9.139	198.2	-518.7
9.172	185.8	-522.5
9.206	165.5	-528.6
9.239	139.6	-535.6
9.272	109.4	-542.5
9.306	75.19	-548.4
9.339	39.64	-552.4
9.373	7.166	-553.8
9.406	-23.03	-552.5
9.439	-52.61	-549.7
9.473	-80.87	-545.5
9.506	-101.5	-540.9
9.539	-120.1	-536.4
9.573	-132.1	-533.0
9.606	-138.3	-531.5
9.639	-137.2	-531.6
9.673	-128.9	-533.5
9.706	-114.0	-537.1
9.739	-94.95	-541.6
9.773	-71.66	-545.6
9.806	-45.02	-549.4
9.839	-14.81	-552.1
9.873	23.54	-552.6
9.906	59.58	-550.4
9.940	58.36	-552.3
9.973	94.38	-547.5
10.006	129.1	-540.6
10.040	152.4	-534.4
10.073	171.0	-528.5
10.106	181.8	-524.5
10.140	186.0	-522.6
10.173	180.8	-523.5
10.206	167.0	-527.6
10.240	145.2	-533.3
10.273	120.9	-539.6
10.306	89.98	-545.5
10.340	93.68	-545.5
10.373	54.71	-550.5
10.406	16.84	-552.5
10.440	-17.53	-551.6
10.473	-49.33	-548.8
10.507	-77.01	-544.5
10.540	-101.2	-539.7
10.573	-118.1	-535.3
10.607	-129.8	-532.2
10.640	-136.6	-530.9
10.673	-134.9	-531.0
10.707	-128.4	-533.7
10.740	-114.6	-537.4
10.773	-93.93	-542.2
10.807	-69.26	-547.0
10.840	-40.77	-550.9
10.873	-7.721	-552.7
10.907	26.61	-552.5
10.940	56.90	-550.5
10.974	62.80	-549.6
11.007	91.98	-545.4
11.040	127.0	-538.6
11.074	150.6	-532.5
11.107	170.8	-526.5
11.140	183.5	-522.4
11.174	187.2	-521.6
11.207	183.8	-522.6
11.240	172.5	-526.5
11.274	153.6	-532.5
11.307	128.1	-539.5
11.340	126.8	-539.4
11.374	92.76	-546.5
11.407	55.95	-551.5
11.440	20.38	-553.6
11.474	-15.37	-553.3
11.507	-47.88	-550.7
11.541	-75.01	-546.4
11.574	-98.73	-541.6
11.607	-117.6	-536.7
11.641	-129.9	-532.7
11.674	-135.6	-530.7
11.707	-134.3	-530.6
11.741	-126.5	-532.5
11.774	-112.3	-536.3
11.807	-93.61	-540.7
11.841	-71.05	-544.8
11.874	-46.20	-548.5
11.907	-14.55	-551.0
11.941	15.30	-552.0
11.974	50.53	-550.5
12.008	59.77	-549.5
12.041	95.21	-544.5
12.074	125.4	-538.4
12.108	152.5	-531.5
12.141	169.2	-526.3
12.174	181.8	-522.5
12.208	184.4	-521.4
12.241	178.8	-523.5
12.274	166.5	-527.4
12.308	146.4	-533.4
12.341	119.1	-540.6
12.374	87.56	-546.4
12.408	51.80	-551.3
12.441	51.16	-550.5
12.474	13.90	-552.4
12.508	-19.28	-551.4
12.541	-52.27	-548.6
12.575	-79.19	-544.1
12.608	-102.1	-539.5
12.641	-119.8	-534.7
12.675	-130.3	-531.1
12.708	-136.0	-529.6
12.741	-135.3	-529.7
12.775	-126.3	-532.1
12.808	-112.9	-536.2
12.841	-93.54	-541.1
12.875	-70.45	-545.8
12.908	-41.50	-549.5
12.941	-8.669	-551.7
12.975	26.37	-551.6
13.008	61.30	-549.3
13.041	98.06	-544.5
13.075	94.17	-545.6
13.108	123.5	-539.5
13.142	150.0	-532.6
13.175	169.8	-526.5
13.208	181.6	-522.5
13.242	184.8	-521.5
13.275	178.6	-523.4
13.308	165.9	-527.5
13.342	145.3	-533.4
13.375	116.9	-540.5
13.408	90.07	-545.6
13.442	53.08	-550.4
13.475	49.42	-551.3
13.508	14.11	-553.2
13.542	-19.06	-552.8
13.575	-47.90	-550.1
13.608	-75.85	-546.4
13.642	-98.38	-542.1
13.675	-116.7	-537.8
13.709	-128.5	-534.3
13.742	-134.5	-532.8
13.775	-132.5	-533.1
13.809	-125.1	-535.7
13.842	-111.1	-539.4
13.875	-90.47	-544.1
13.909	-66.77	-548.6
13.942	-37.92	-552.3
13.975	-6.400	-554.2
14.009	26.89	-554.3
14.042	57.16	-552.6
14.075	89.04	-548.5
14.109	94.32	-547.5
14.142	123.0	-541.6
14.176	146.4	-535.3
14.209	169.5	-528.5
14.242	178.5	-525.4
14.276	181.3	-524.3
14.309	175.1	-526.6
14.342	161.7	-530.5
14.376	139.9	-536.5
14.409	114.7	-542.4
14.442	124.0	-540.7
14.476	87.44	-547.3
14.509	46.92	-552.4
14.542	9.038	-554.2
14.576	-20.94	-553.5
14.609	-52.56	-550.8
14.642	-76.47	-547.0
14.676	-99.29	-542.7
14.709	-118.0	-538.2
14.743	-130.7	-535.3
14.776	-135.9	-533.8
14.809	-135.0	-533.8
14.843	-126.7	-536.1
14.876	-111.3	-540.2
14.909	-91.66	-544.5
14.943	-68.21	-548.7
14.976	-41.14	-552.1
15.009	-9.508	-554.4
15.043	24.57	-554.5
15.076	56.37	-552.5
15.109	91.83	-547.5
15.143	94.23	-547.4
15.176	126.9	-540.6
15.209	149.0	-534.6
15.243	165.5	-529.4
15.276	177.8	-525.5
15.310	180.2	-524.3
15.343	174.4	-526.4
15.376	161.7	-530.5
15.410	140.1	-536.5
15.443	115.5	-542.5
15.476	123.0	-542.5
15.510	84.82	-549.5
15.543	52.99	-553.6
15.576	16.94	-555.3
15.610	-17.36	-554.5
15.643	-49.03	-551.9
15.676	-75.47	-547.4
15.710	-98.60	-542.6
15.743	-115.4	-538.1
15.777	-126.6	-535.0
15.810	-131.5	-533.5
15.843	-130.0	-533.5
15.877	-123.0	-535.5
15.910	-109.2	-539.2
15.943	-91.02	-543.6
15.977	-67.59	-547.9
16.010	-39.15	-551.3
16.043	-7.264	-553.4
16.077	25.98	-553.5
16.110	60.05	-551.4
16.143	96.61	-546.4
16.177	95.48	-546.4
16.210	124.7	-540.5
16.243	151.8	-533.6
16.277	168.3	-528.3
16.310	180.9	-524.5
16.344	181.1	-524.6
16.377	178.6	-525.5
16.410	166.9	-529.5
16.444	146.7	-535.4
16.477	123.0	-541.6
16.510	86.24	-548.4
16.544	59.05	-552.6
16.577	53.75	-553.6
16.610	17.25	-555.4
16.644	-16.09	-554.6
16.677	-47.80	-551.7
16.710	-74.60	-547.5
16.744	-96.79	-543.1
16.777	-114.1	-538.6
16.811	-125.0	-535.2
16.844	-130.2	-533.7
16.877	-129.7	-533.7
16.911	-122.1	-535.6
16.944	-108.1	-539.0
16.977	-90.14	-543.7
17.011	-66.54	-548.0
17.044	-38.54	-551.9
17.077	-6.238	-553.7
17.111	27.01	-553.4
17.144	59.79	-551.4
17.177	59.15	-552.5
17.211	92.54	-547.5
17.244	119.1	-542.6
17.277	145.8	-535.5
17.311	166.0	-529.6
17.344	175.4	-526.4
17.378	176.0	-526.6
17.411	172.3	-527.4
17.444	159.8	-531.5
17.478	138.4	-537.4
17.511	112.8	-543.5
17.544	120.5	-542.3
17.578	87.04	-548.6
17.611	50.75	-552.5
17.644	15.94	-554.4
17.678	-17.82	-553.6
17.711	-49.32	-550.8
17.744	-76.86	-546.6
17.778	-98.41	-542.3
17.811	-115.0	-538.3
17.844	-126.9	-535.4
17.878	-132.2	-534.2
17.911	-131.8	-534.9
17.945	-123.8	-536.9
17.978	-109.4	-540.5
18.011	-91.19	-544.8
18.045	-66.32	-549.1
18.078	-40.33	-552.7
18.111	-8.593	-554.6
18.145	24.54	-554.6
18.178	57.77	-552.5
18.211	95.67	-547.5
18.245	93.68	-546.5
18.278	119.7	-541.5
18.311	144.1	-535.6
18.345	161.8	-530.5
18.378	172.0	-527.6
18.412	175.2	-526.3
18.445	169.7	-528.5
18.478	156.8	-532.5
18.512	143.1	-536.5
18.545	118.1	-542.6
18.578	124.7	-542.6
18.612	91.23	-548.5
18.645	56.66	-552.8
18.678	21.45	-554.5
18.712	-12.29	-553.9
18.745	-43.72	-551.1
18.778	-70.90	-547.6
18.812	-93.95	-543.2
18.845	-111.8	-539.2
18.878	-123.9	-536.2
18.912	-130.9	-534.7
18.945	-129.9	-535.0
18.979	-122.8	-537.4
19.012	-109.2	-541.3
19.045	-90.62	-545.5
19.079	-66.72	-549.8
19.112	-38.90	-552.8
19.145	-6.498	-554.6
19.179	23.80	-554.5
19.212	57.24	-552.3
19.245	58.86	-551.4
19.279	94.72	-546.6
19.312	119.8	-541.5
19.345	144.3	-535.4
19.379	165.8	-529.5
19.412	175.8	-526.5
19.445	179.1	-525.6
19.479	172.9	-527.5
19.512	163.8	-530.5
19.546	143.4	-536.4
19.579	114.2	-543.4
19.612	86.43	-548.5
19.646	53.46	-552.5
19.679	25.01	-554.6
19.712	19.94	-553.5
19.746	-13.52	-552.7
19.779	-44.85	-550.1
19.812	-73.16	-546.4
19.846	-94.87	-542.1
19.879	-112.4	-538.3
19.912	-123.9	-535.4
19.946	-131.4	-533.7
19.979	-130.5	-534.1
20.012	-124.7	-536.5
20.046	-113.9	-539.8
20.079	-94.00	-544.1
20.113	-70.47	-549.0
20.146	-43.17	-553.1
20.179	-10.15	-555.5
20.213	23.43	-555.4
20.246	58.22	-553.4
20.279	95.07	-548.7
20.313	126.6	-542.5
20.346	117.8	-544.5
20.379	139.3	-539.3
20.413	157.4	-534.4
20.446	167.8	-531.6
20.479	170.9	-530.5
20.513	167.0	-531.5
20.546	156.0	-534.5
20.580	179.8	-528.5
20.613	153.0	-536.5
20.646	123.6	-543.5
20.680	85.23	-550.3
20.713	56.76	-553.6
20.746	21.30	-555.3
20.780	-12.66	-554.8
20.813	-43.34	-552.1
20.846	-70.99	-548.4
20.880	-94.24	-544.1
20.913	-112.2	-540.2
20.946	-126.0	-536.8
20.980	-131.4	-535.1
21.013	-131.1	-535.4
21.046	-124.6	-537.3
21.080	-112.5	-540.5
21.113	-94.92	-544.5
21.147	-71.57	-548.7
21.180	-41.64	-552.1
21.213	-10.21	-554.3
21.247	23.68	-554.4
21.280	24.17	-555.7
21.313	62.81	-552.5
21.347	92.98	-548.5
21.380	124.3	-542.4
21.413	149.5	-536.4
21.447	167.5	-531.4
21.480	177.9	-528.4
21.513	181.2	-527.5
21.547	178.6	-528.6
21.580	167.4	-532.4
21.613	150.7	-537.6
21.647	126.3	-543.5
21.680	96.53	-549.4
21.714	69.33	-553.5
21.747	37.43	-556.4
21.780	4.472	-557.3
21.814	-26.20	-556.1
21.847	-42.19	-553.5
21.880	-70.45	-549.8
21.914	-93.67	-545.4
21.947	-112.1	-541.5
21.980	-124.7	-538.3
22.014	-131.3	-536.8
22.047	-131.2	-536.5
22.080	-124.2	-538.5
22.114	-111.4	-541.9
22.147	-92.98	-545.5
22.181	-69.43	-549.5
22.214	-42.26	-552.6
22.247	-10.86	-554.4
22.281	19.28	-554.5
22.314	59.55	-551.7
22.347	95.68	-546.7
22.381	91.62	-546.5
22.414	119.1	-541.6
22.447	144.5	-535.4
22.481	163.4	-530.4
22.514	174.2	-527.6
22.547	177.6	-526.5
22.581	175.2	-527.6
22.614	162.3	-531.4
22.647	145.2	-536.4
22.681	120.9	-542.5
22.714	88.18	-548.5
22.748	56.08	-552.5
22.781	55.34	-551.2
22.814	19.49	-553.4
22.848	-12.50	-552.7
22.881	-43.97	-550.3
22.914	-72.48	-546.7
22.948	-96.54	-542.4
22.981	-114.5	-538.4
23.014	-127.7	-535.5
23.048	-134.5	-533.8
23.081	-134.7	-533.8
23.114	-128.2	-535.8
23.148	-114.3	-539.2
23.181	-95.75	-543.7
23.215	-71.93	-547.9
23.248	-44.16	-551.3
23.281	-11.31	-553.7
23.315	23.90	-553.7
23.348	58.97	-551.6
23.381	94.83	-546.7
23.415	127.3	-540.4
23.448	156.5	-533.4
23.481	180.6	-526.4
23.515	198.7	-520.3
23.548	209.9	-516.4
23.581	212.7	-515.4
23.615	208.0	-517.5
23.648	196.7	-521.6
23.681	178.7	-527.7
23.715	153.3	-535.2
23.748	125.0	-542.5
23.782	91.66	-548.5
23.815	58.10	-552.6
23.848	22.75	-554.4
23.882	-13.81	-554.2
23.915	-44.98	-552.3
23.948	-72.59	-548.7
23.982	-96.00	-544.4
24.015	-115.2	-540.5
24.048	-128.2	-537.3
24.082	-135.4	-535.9
24.115	-135.3	-535.9
24.148	-128.0	-537.7
24.182	-114.3	-541.1
24.215	-95.45	-545.4
24.248	-71.30	-549.6
24.282	-42.76	-553.0
24.315	-10.52	-555.3
24.349	23.86	-555.5
24.382	50.47	-554.4
24.415	84.48	-550.5
24.449	114.6	-545.5
24.482	142.2	-539.4
24.515	165.1	-533.7
24.549	181.6	-528.4
24.582	191.3	-525.4
24.615	194.9	-524.6
24.649	191.7	-525.6
24.682	180.0	-529.5
24.715	163.2	-534.3
24.749	140.5	-540.5
24.782	113.1	-546.5
24.816	81.41	-551.4
24.849	50.86	-554.5
24.882	18.67	-555.5
24.916	-13.52	-554.7
24.949	-45.55	-552.1
24.982	-73.02	-548.6
25.016	-96.25	-544.3
25.049	-115.0	-540.4
25.082	-128.7	-537.2
25.116	-135.9	-535.7
25.149	-136.3	-535.8
25.182	-129.0	-537.5
25.216	-117.0	-540.8
25.249	-98.35	-544.8
25.282	-74.12	-548.8
25.316	-47.77	-552.1
25.349	-15.25	-554.5
25.383	19.74	-554.6
25.416	53.25	-552.4
25.449	55.44	-553.4
25.483	87.59	-549.4
25.516	115.6	-544.5
25.549	138.0	-539.5
25.583	160.6	-533.4
25.616	170.8	-530.5
25.649	174.3	-529.4
25.683	171.4	-530.4
25.716	157.9	-534.5
25.749	142.2	-538.4
25.783	116.0	-544.5
25.816	86.03	-549.5
25.849	52.36	-553.2
25.883	56.00	-551.7
25.916	21.31	-553.5
25.950	-13.33	-553.0
25.983	-45.71	-550.9
26.016	-72.57	-547.3
26.050	-95.89	-543.4
26.083	-114.7	-539.6
26.116	-127.9	-536.5
26.150	-133.8	-535.5
26.183	-133.8	-535.7
26.216	-127.1	-537.5
26.250	-112.5	-541.2
26.283	-94.09	-545.4
26.316	-71.39	-549.6
26.350	-43.24	-552.6
26.383	-10.74	-554.5
26.416	22.30	-554.6
26.450	57.54	-552.3
26.483	91.64	-548.3
26.517	87.03	-548.3
26.550	115.4	-543.5
26.583	147.3	-536.3
26.617	166.2	-531.4
26.650	177.1	-528.6
26.683	179.9	-527.6
26.717	173.6	-529.4
26.750	163.8	-532.6
26.783	146.1	-537.6
26.817	120.6	-543.5
26.850	93.04	-548.6
26.883	84.68	-550.5
26.917	55.83	-553.6
26.950	20.33	-555.4
26.984	-13.43	-555.2
27.017	-44.59	-553.3
27.050	-72.34	-549.9
27.084	-96.04	-545.5
27.117	-115.2	-541.5
27.150	-128.4	-538.6
27.184	-134.5	-537.1
27.217	-134.2	-537.6
27.250	-126.8	-539.5
27.284	-114.5	-542.7
27.317	-94.88	-546.4
27.350	-70.59	-550.4
27.384	-42.27	-553.5
27.417	-10.78	-555.3
27.450	21.76	-555.4
27.484	55.27	-553.5
27.517	89.25	-549.3
27.551	122.1	-543.6
27.584	115.7	-545.5
27.617	138.4	-540.5
27.651	154.3	-536.3
27.684	165.2	-533.3
27.717	168.9	-532.6
27.751	165.3	-533.5
27.784	154.9	-536.5
27.817	138.5	-540.5
27.851	115.8	-545.5
27.884	86.74	-550.5
27.917	53.44	-554.3
27.951	20.09	-556.5
27.984	-14.78	-556.2
28.017	-46.16	-554.4
28.051	-72.66	-551.5
28.084	-102.4	-546.5
28.118	-125.5	-541.5
28.151	-141.6	-537.5
28.184	-151.8	-534.4
28.218	-159.7	-532.6
28.251	-159.9	-532.4
28.284	-154.5	-534.5
28.318	-140.6	-538.5
28.351	-120.0	-543.4
28.384	-94.94	-548.4
28.418	-67.40	-552.5
28.451	-35.00	-555.4
28.484	-7.152	-556.4
28.518	31.37	-555.6
28.551	64.98	-552.6
28.585	94.29	-548.4
28.618	121.3	-543.4
28.651	147.6	-537.5
28.685	165.5	-532.6
28.718	175.8	-529.6
28.751	178.8	-528.7
28.785	175.2	-529.5
28.818	165.2	-532.5
28.851	147.3	-537.4
28.885	122.0	-543.5
28.918	93.78	-548.5
28.951	63.97	-552.5
28.985	39.26	-554.4
29.018	6.685	-555.4
29.051	-22.38	-554.4
29.085	-54.44	-551.9
29.118	-82.37	-547.6
29.152	-104.9	-543.4
29.185	-123.3	-539.5
29.218	-136.0	-536.4
29.252	-141.6	-535.2
29.285	-141.5	-535.6
29.318	-134.4	-537.5
29.352	-121.9	-540.6
29.385	-104.2	-544.6
29.418	-81.11	-548.6
29.452	-51.37	-552.3
29.485	-19.07	-554.7
29.518	15.86	-554.7
29.552	51.87	-552.6
29.585	86.58	-548.4
29.618	87.38	-548.5
29.652	121.6	-542.5
29.685	147.5	-536.5
29.719	162.9	-532.5
29.752	173.3	-529.4
29.785	176.7	-528.7
29.819	173.4	-529.6
29.852	163.1	-532.7
29.885	144.8	-537.4
29.919	118.9	-543.4
29.952	83.12	-549.4
29.985	54.97	-552.7
30.019	22.61	-554.6
30.052	-14.05	-554.6
30.085	-48.62	-552.5
30.119	-81.75	-548.4
30.152	-110.5	-543.4
30.186	-133.9	-538.2
30.219	-153.7	-533.5
30.252	-167.2	-529.4
30.286	-174.3	-527.5
30.319	-174.9	-527.4
30.352	-169.4	-529.7
30.386	-156.6	-533.7
30.419	-135.8	-539.4
30.452	-111.7	-544.8
30.486	-82.23	-549.9
30.519	-49.24	-553.4
30.552	-14.03	-555.4
30.586	20.82	-555.3
30.619	54.80	-553.4
30.652	87.02	-549.6
30.686	121.2	-543.6
30.719	143.2	-538.4
30.753	159.5	-534.4
30.786	170.3	-531.4
30.819	174.1	-530.7
30.853	167.5	-532.4
30.886	157.3	-535.4
30.919	137.9	-540.5
30.953	115.3	-545.4
30.986	86.72	-550.5
31.019	53.82	-554.3
31.053	20.39	-556.4
31.086	-13.81	-556.7
31.119	-48.32	-554.5
31.153	-44.72	-552.3
31.186	-72.38	-549.2
31.219	-96.45	-545.5
31.253	-118.0	-541.6
31.286	-131.7	-538.6
31.320	-137.4	-537.1
31.353	-137.4	-537.5
31.386	-130.6	-539.5
31.420	-117.4	-542.8
31.453	-97.70	-546.6
31.486	-72.89	-550.4
31.520	-44.18	-553.8
31.553	-12.27	-555.4
31.586	21.65	-555.5
31.620	51.19	-554.3
31.653	86.28	-550.5
31.686	117.2	-545.4
31.720	144.8	-539.6
31.753	164.7	-534.5
31.787	181.4	-529.4
31.820	191.1	-526.6
31.853	193.9	-525.5
31.887	190.5	-526.4
31.920	179.0	-530.5
31.953	161.4	-535.3
31.987	141.0	-540.6
32.020	116.8	-545.5
32.053	86.10	-550.5
32.087	51.95	-554.4
32.120	21.66	-555.7
32.153	-13.63	-555.3
32.187	-45.11	-553.7
32.220	-72.75	-550.4
32.253	-97.30	-546.6
32.287	-115.7	-543.1
32.320	-128.5	-540.4
32.354	-134.4	-539.1
32.387	-134.6	-539.6
32.420	-127.4	-541.3
32.454	-114.5	-544.4
32.487	-94.29	-548.2
32.520	-69.22	-552.2
32.554	-39.90	-555.3
32.587	-7.607	-556.6
32.620	26.89	-556.0
32.654	61.89	-553.8
32.687	94.20	-549.2
32.720	126.2	-543.4
32.754	116.8	-544.5
32.787	143.1	-538.6
32.821	158.3	-534.4
32.854	168.4	-531.4
32.887	171.8	-530.5
32.921	168.0	-531.5
32.954	157.1	-534.6
32.987	141.2	-538.5
33.021	119.2	-543.6
33.054	90.81	-548.5
33.087	54.99	-552.4
33.121	50.27	-553.3
33.154	16.42	-555.1
33.187	-16.57	-555.0
33.221	-47.17	-553.1
33.254	-75.20	-550.2
33.287	-100.1	-546.4
33.321	-120.3	-542.5
33.354	-133.8	-539.4
33.388	-140.4	-538.1
33.421	-140.0	-538.3
33.454	-133.1	-540.3
33.488	-119.8	-543.5
33.521	-99.23	-547.3
33.554	-73.38	-551.3
33.588	-43.19	-554.4
33.621	-11.56	-555.9
33.654	22.78	-555.4
33.688	56.35	-553.3
33.721	93.74	-548.6
33.754	86.45	-549.4
33.788	115.3	-544.5
33.821	138.3	-539.4
33.854	154.0	-535.5
33.888	164.4	-532.4
33.921	167.8	-531.5
33.955	163.8	-532.5
33.988	153.1	-535.6
34.021	136.3	-539.5
34.055	113.1	-544.5
34.088	83.00	-549.3
34.121	83.63	-549.4
34.155	53.65	-552.6
34.188	18.73	-554.5
34.221	-14.67	-554.2
34.255	-46.48	-552.4
34.288	-73.94	-549.2
34.321	-99.66	-545.5
34.355	-120.0	-541.6
34.388	-133.5	-538.6
34.422	-139.1	-537.2
34.455	-139.3	-537.5
34.488	-131.9	-539.2
34.522	-119.4	-542.5
34.555	-98.88	-546.4
34.588	-73.91	-550.4
34.622	-44.05	-553.5
34.655	-11.99	-555.1
34.688	19.75	-555.3
34.722	60.10	-552.8
34.755	92.01	-548.6
34.788	124.6	-542.5
34.822	113.4	-544.4
34.855	137.0	-539.6
34.888	152.0	-535.5
34.922	162.8	-532.5
34.955	165.7	-531.5
34.989	162.2	-532.4
35.022	151.2	-535.4
35.055	135.2	-539.6
35.089	116.7	-543.5
35.122	88.23	-548.4
35.155	54.55	-552.4
35.189	55.67	-552.5
35.222	20.99	-554.5
35.255	-12.92	-554.5
35.289	-46.15	-552.7
35.322	-74.61	-549.5
35.355	-100.1	-545.5
35.389	-120.8	-541.7
35.422	-134.1	-538.5
35.455	-140.3	-537.3
35.489	-140.4	-537.5
35.522	-133.2	-539.4
35.556	-120.1	-542.5
35.589	-100.4	-546.5
35.622	-74.85	-550.4
35.656	-47.22	-553.4
35.689	-12.99	-555.3
35.722	18.67	-555.3
35.756	52.20	-553.4
35.789	87.31	-549.6
35.822	84.68	-549.2
35.856	112.7	-544.6
35.889	136.2	-539.5
35.922	152.7	-535.5
35.956	159.2	-533.3
35.989	162.6	-532.5
36.023	159.2	-533.4
36.056	148.6	-536.4
36.089	132.0	-540.4
36.123	113.6	-544.6
36.156	84.16	-549.3
36.189	58.55	-552.7
36.223	55.27	-553.5
36.256	21.66	-555.5
36.289	-12.48	-555.5
36.323	-45.20	-553.9
36.356	-73.32	-550.5
36.389	-96.40	-547.2
36.423	-117.0	-543.6
36.456	-131.3	-540.6
36.489	-137.3	-539.1
36.523	-137.7	-539.5
36.556	-130.0	-541.4
36.590	-116.4	-544.4
36.623	-98.64	-547.7
36.656	-72.90	-551.3
36.690	-43.80	-554.6
36.723	-9.955	-556.1
36.756	19.68	-556.3
36.790	53.58	-554.6
36.823	61.43	-553.4
36.856	92.39	-549.5
36.890	114.2	-545.3
36.923	138.1	-540.6
36.956	153.4	-536.5
36.990	160.9	-534.4
37.023	163.8	-533.6
37.056	160.2	-534.4
37.090	149.7	-537.4
37.123	133.3	-541.3
37.157	116.2	-545.5
37.190	87.29	-550.4
37.223	77.96	-552.5
37.257	46.46	-555.4
37.290	16.83	-556.6
37.323	-17.13	-556.4
37.357	-48.71	-554.4
37.390	-76.79	-551.2
37.423	-101.0	-547.6
37.457	-121.4	-543.8
37.490	-134.9	-540.5
37.523	-142.6	-538.9
37.557	-142.2	-538.6
37.590	-135.1	-540.3
37.623	-121.7	-543.4
37.657	-101.5	-547.4
37.690	-76.03	-551.1
37.724	-44.55	-554.6
37.757	-12.43	-556.3
37.790	19.75	-556.5
37.824	53.47	-554.5
37.857	88.01	-550.6
37.890	114.4	-546.4
37.924	141.6	-540.4
37.957	158.8	-536.5
37.990	172.9	-532.5
38.024	179.6	-530.4
38.057	182.4	-529.4
38.090	179.0	-530.6
38.124	168.6	-533.4
38.157	154.0	-537.6
38.191	132.9	-542.5
38.224	107.8	-547.5
38.257	79.97	-551.5
38.291	49.46	-554.4
38.324	17.73	-555.6
38.357	-16.29	-555.4
38.391	-47.34	-553.5
38.424	-75.06	-550.3
38.457	-101.0	-546.6
38.491	-121.9	-542.7
38.524	-136.0	-539.3
38.557	-142.2	-538.1
38.591	-142.2	-538.4
38.624	-134.9	-540.1
38.657	-121.7	-543.5
38.691	-99.70	-547.4
38.724	-72.84	-551.2
38.758	-43.27	-554.6
38.791	-9.419	-555.8
38.824	24.23	-555.3
38.858	58.24	-553.3
38.891	91.38	-549.4
38.924	120.6	-544.4
38.958	146.8	-538.5
38.991	167.9	-532.5
39.024	185.4	-526.4
39.058	195.7	-522.6
39.091	198.3	-521.3
39.124	194.5	-522.7
39.158	183.5	-526.4
39.191	167.3	-531.6
39.224	145.7	-537.5
39.258	119.3	-543.5
39.291	89.64	-548.8
39.325	57.23	-552.4
39.358	23.39	-554.5
39.391	-9.691	-554.7
39.425	-41.60	-553.1
39.458	-69.58	-550.4
39.491	-93.31	-547.0
39.525	-113.7	-543.8
39.558	-127.1	-540.7
39.591	-132.8	-539.2
39.625	-133.0	-539.3
39.658	-126.0	-541.3
39.691	-112.6	-544.4
39.725	-91.91	-548.1
39.758	-68.56	-551.7
39.792	-39.78	-554.5
39.825	-7.520	-555.7
39.858	26.34	-555.3
39.892	60.14	-553.3
39.925	92.77	-549.3
39.958	121.7	-544.2
39.992	147.6	-538.3
40.025	169.0	-532.5
40.058	184.0	-527.5
40.092	194.4	-523.3
40.125	197.2	-522.2
40.158	193.8	-523.7
40.192	182.5	-527.4
40.225	166.6	-532.5
40.258	144.9	-538.6
40.292	118.5	-544.5
40.325	88.88	-549.7
40.359	56.70	-553.5
40.392	22.75	-555.5
40.425	-11.34	-555.7
40.459	-43.29	-553.9
40.492	-72.36	-550.6
40.525	-95.90	-547.2
40.559	-116.8	-543.8
40.592	-130.4	-540.7
40.625	-136.3	-539.2
40.659	-136.4	-539.6
40.692	-128.4	-541.4
40.725	-114.2	-544.4
40.759	-93.63	-548.2
40.792	-69.58	-551.9
40.825	-39.53	-554.3
40.859	-6.768	-556.0
40.892	20.20	-556.3
40.926	53.86	-554.5
40.959	87.37	-550.5
40.992	113.1	-546.5
41.026	136.1	-541.5
41.059	155.6	-536.4
41.092	169.9	-532.5
41.126	179.1	-529.6
41.159	181.6	-528.4
41.192	178.3	-529.4
41.226	168.7	-532.5
41.259	153.8	-536.5
41.292	133.6	-541.4
41.326	109.5	-546.4
41.359	82.67	-550.5
41.393	49.72	-554.4
41.426	15.59	-556.2
41.459	-16.50	-556.2
41.493	-49.11	-554.6
41.526	-76.82	-551.3
41.559	-102.6	-547.6
41.593	-122.4	-543.7
41.626	-136.0	-540.6
41.659	-142.0	-539.1
41.693	-141.9	-539.5
41.726	-134.2	-541.3
41.759	-120.2	-544.4
41.793	-99.27	-548.2
41.826	-75.07	-551.7
41.859	-45.90	-554.6
41.893	-12.84	-556.2
41.926	17.54	-556.4
41.960	52.03	-554.6
41.993	79.82	-551.4
42.026	110.7	-546.5
42.060	134.4	-541.4
42.093	154.0	-536.5
42.126	148.3	-536.4
42.160	154.7	-534.4
42.193	158.0	-533.6
42.226	153.8	-534.5
42.260	146.0	-536.6
42.293	129.3	-540.4
42.326	111.7	-544.5
42.360	88.75	-548.6
42.393	58.32	-552.4
42.426	54.75	-553.6
42.460	20.42	-555.5
42.493	-16.34	-555.5
42.527	-48.80	-553.7
42.560	-76.93	-550.4
42.593	-102.2	-546.6
42.627	-119.9	-543.2
42.660	-133.7	-540.6
42.693	-139.2	-539.3
42.727	-138.8	-539.5
42.760	-130.5	-541.3
42.793	-115.9	-544.3
42.827	-97.49	-547.7
42.860	-70.89	-551.4
42.893	-41.81	-554.3
42.927	-10.01	-555.7
42.960	20.22	-555.3
42.994	53.49	-553.5
43.027	59.20	-552.4
43.060	90.58	-548.6
43.094	112.5	-544.4
43.127	130.2	-540.4
43.160	146.6	-536.5
43.194	153.3	-534.4
43.227	156.7	-533.5
43.260	152.5	-534.4
43.294	145.3	-536.5
43.327	128.8	-540.5
43.360	110.6	-544.5
43.394	88.25	-548.6
43.427	57.98	-552.4
43.460	51.02	-553.6
43.494	17.98	-555.5
43.527	-14.10	-555.4
43.561	-48.67	-553.7
43.594	-77.19	-550.5
43.627	-102.8	-546.7
43.661	-119.8	-543.5
43.694	-133.3	-540.6
43.727	-138.9	-539.2
43.761	-138.8	-539.7
43.794	-130.3	-541.4
43.827	-115.9	-544.3
43.861	-94.88	-548.2
43.894	-71.32	-551.6
43.927	-41.32	-554.4
43.961	-10.36	-555.8
43.994	20.39	-555.5
44.028	38.20	-554.5
44.061	61.23	-552.3
44.094	91.02	-548.6
44.128	113.0	-544.5
44.161	129.7	-540.4
44.194	146.1	-536.6
44.228	152.3	-534.3
44.261	155.8	-533.6
44.294	151.9	-534.5
44.328	144.3	-536.5
44.361	128.4	-540.4
44.394	110.2	-544.5
44.428	105.6	-546.4
44.461	80.08	-550.5
44.494	52.83	-553.6
44.528	19.66	-555.4
44.561	-12.68	-555.7
44.595	-43.81	-554.1
44.628	-72.52	-551.5
44.661	-95.57	-548.3
44.695	-113.6	-545.2
44.728	-127.0	-542.5
44.761	-132.9	-541.2
44.795	-133.0	-541.4
44.828	-124.9	-543.3
44.861	-110.7	-546.3
44.895	-90.95	-549.5
44.928	-64.33	-553.1
44.961	-35.34	-555.6
44.995	-3.779	-556.7
45.028	22.28	-556.3
45.061	55.82	-554.6
45.095	83.52	-551.4
45.128	89.56	-549.5
45.162	111.4	-545.4
45.195	129.5	-541.4
45.228	144.9	-537.6
45.262	152.0	-535.4
45.295	154.5	-534.5
45.328	150.7	-535.5
45.362	139.6	-538.2
45.395	124.0	-542.3
45.428	104.5	-546.4
45.462	80.15	-550.6
45.495	53.33	-553.8
45.528	21.70	-555.6
45.562	-5.942	-556.5
45.595	-35.05	-555.5
45.629	-68.51	-552.6
45.662	-97.03	-548.4
45.695	-120.1	-544.2
45.729	-139.3	-540.3
45.762	-152.2	-537.3
45.795	-158.8	-535.5
45.829	-158.6	-535.7
45.862	-150.3	-537.5
45.895	-134.8	-541.2
45.929	-115.2	-545.5
45.962	-90.70	-549.7
45.995	-61.00	-553.3
46.029	-30.77	-555.7
46.062	0.880	-556.5
46.095	26.95	-555.6
46.129	56.90	-553.5
46.162	90.10	-549.6
46.196	111.4	-545.5
46.229	129.0	-541.5
46.262	145.1	-537.6
46.296	151.5	-535.4
46.329	155.3	-534.5
46.362	151.4	-535.5
46.396	140.8	-538.4
46.429	128.3	-541.5
46.462	105.0	-546.4
46.496	81.82	-550.5
46.529	55.90	-553.7
46.562	46.96	-554.5
46.596	14.25	-556.2
46.629	-18.06	-556.3
46.662	-49.02	-554.6
46.696	-77.84	-551.3
46.729	-102.7	-547.7
46.763	-122.3	-543.7
46.796	-135.8	-540.6
46.829	-141.7	-539.2
46.863	-140.7	-539.6
46.896	-132.6	-541.4
46.929	-117.8	-544.6
46.963	-96.14	-548.2
46.996	-68.92	-552.2
47.029	-39.46	-555.2
47.063	-6.294	-556.7
47.096	24.00	-556.4
47.129	56.08	-554.5
47.163	83.33	-551.4
47.196	109.2	-547.3
47.230	133.1	-542.5
47.263	152.1	-537.6
47.296	165.2	-533.4
47.330	172.3	-531.2
47.363	175.0	-530.6
47.396	171.0	-531.6
47.430	160.9	-534.5
47.463	146.3	-538.4
47.496	125.9	-543.4
47.530	101.1	-548.4
47.563	74.12	-552.6
47.596	43.84	-555.4
47.630	14.79	-556.6
47.663	-18.94	-556.4
47.696	-50.42	-554.5
47.730	-77.78	-551.3
47.763	-102.2	-547.6
47.797	-122.8	-543.8
47.830	-135.3	-540.7
47.863	-140.8	-539.2
47.897	-140.4	-539.6
47.930	-132.2	-541.3
47.963	-117.5	-544.5
47.997	-96.00	-548.3
48.030	-69.66	-552.2
48.063	-39.44	-555.2
48.097	-6.112	-556.7
48.130	24.02	-556.4
48.163	55.90	-554.6
48.197	83.28	-551.3
48.230	109.2	-547.3
48.263	132.3	-542.3
48.297	151.8	-537.5
48.330	164.9	-533.6
48.364	171.3	-531.2
48.397	173.8	-530.5
48.430	170.2	-531.6
48.464	159.7	-534.4
48.497	145.4	-538.4
48.530	125.1	-543.5
48.564	100.7	-548.3
48.597	72.89	-552.4
48.630	42.66	-555.5
48.664	12.70	-556.6
48.697	-19.89	-556.3
48.730	-49.95	-554.6
48.764	-78.19	-551.4
48.797	-102.6	-547.9
48.831	-121.9	-543.7
48.864	-135.2	-540.7
48.897	-140.6	-539.4
48.931	-139.6	-539.7
48.964	-131.2	-541.5
48.997	-117.0	-544.3
49.031	-95.39	-548.3
49.064	-68.15	-552.2
49.097	-38.75	-555.1
49.131	-6.382	-556.7
49.164	23.60	-556.3
49.197	55.66	-554.5
49.231	82.70	-551.4
49.264	108.1	-547.5
49.297	131.0	-542.6
49.331	150.2	-537.4
49.364	164.1	-533.6
49.398	170.7	-531.4
49.431	173.2	-530.4
49.464	169.8	-531.5
49.498	160.0	-534.5
49.531	145.0	-538.6
49.564	127.4	-542.5
49.598	103.4	-547.4
49.631	77.37	-551.5
49.664	49.20	-554.4
49.698	16.35	-556.3
49.731	-15.61	-556.4
49.764	-48.79	-554.7
49.798	-76.67	-551.5
49.831	-101.8	-547.6
49.864	-119.4	-544.3
49.898	-132.3	-541.6
49.931	-137.9	-540.2
49.965	-137.2	-540.5
49.998	-128.8	-542.5
50.031	-113.5	-545.5
50.065	-94.03	-548.7
50.098	-67.30	-552.4
50.131	-37.47	-555.1
50.165	-5.992	-556.6
50.198	23.19	-556.2
50.231	55.46	-554.4
50.265	87.52	-550.5
50.298	111.4	-546.4
50.331	134.2	-541.6
50.365	149.7	-537.4
50.398	163.2	-533.4
50.431	169.7	-531.4
50.465	172.1	-530.6
50.498	168.2	-531.4
50.532	158.7	-534.4
50.565	143.8	-538.5
50.598	123.2	-543.3
50.632	103.6	-547.5
50.665	77.10	-551.5
50.698	49.77	-554.5
50.732	16.38	-556.3
50.765	-16.44	-556.3
50.798	-48.46	-554.7
50.832	-76.42	-551.5
50.865	-101.9	-547.6
50.898	-119.1	-544.3
50.932	-132.6	-541.7
50.965	-137.3	-540.4
50.999	-136.5	-540.6
51.032	-127.5	-542.3
51.065	-112.3	-545.4
51.099	-93.04	-548.6
51.132	-66.28	-552.4
51.165	-39.69	-554.8
51.199	-6.514	-556.0
51.232	26.64	-555.8
51.265	58.64	-553.5
51.299	89.44	-549.5
51.332	113.1	-545.5
51.365	112.0	-544.5
51.399	129.1	-540.6
51.432	139.7	-537.4
51.465	147.0	-535.5
51.499	149.3	-534.5
51.532	146.2	-535.7
51.566	134.6	-538.3
51.599	122.8	-541.6
51.632	103.5	-545.6
51.666	80.14	-549.6
51.699	53.84	-552.9
51.732	23.11	-554.8
51.766	-6.667	-555.3
51.799	-37.19	-554.4
51.832	-65.58	-552.1
51.866	-93.65	-548.6
51.899	-116.4	-544.4
51.932	-134.6	-540.6
51.966	-146.8	-537.8
51.999	-151.6	-536.2
52.032	-150.4	-536.6
52.066	-142.1	-538.4
52.099	-128.1	-541.6
52.133	-108.0	-545.6
52.166	-82.90	-549.4
52.199	-55.00	-552.8
52.233	-24.80	-554.8
52.266	5.871	-555.1
52.299	34.17	-554.3
52.333	57.17	-552.4
52.366	88.28	-548.5
52.399	110.3	-544.4
52.433	128.2	-540.4
52.466	139.2	-537.4
52.499	146.3	-535.4
52.533	146.1	-535.4
52.566	142.0	-536.4
52.600	135.2	-538.5
52.633	118.5	-542.4
52.666	99.24	-546.5
52.700	75.77	-550.4
52.733	49.15	-553.7
52.766	20.12	-555.5
52.800	11.35	-556.2
52.833	-19.15	-556.1
52.866	-49.77	-554.6
52.900	-77.64	-551.5
52.933	-101.7	-547.8
52.966	-118.6	-544.4
53.000	-131.3	-541.7
53.033	-136.4	-540.4
53.066	-135.4	-540.6
53.100	-126.5	-542.5
53.133	-111.5	-545.5
53.167	-88.37	-549.3
53.200	-64.30	-552.7
53.233	-35.53	-554.9
53.267	-4.997	-556.1
53.300	28.53	-555.8
53.333	58.85	-553.5
53.367	84.57	-550.4
53.400	109.1	-546.5
53.433	131.6	-541.5
53.467	147.9	-537.4
53.500	161.1	-533.6
53.533	167.3	-531.4
53.567	170.0	-530.7
53.600	166.4	-531.5
53.633	156.8	-534.5
53.667	142.2	-538.4
53.700	125.7	-542.5
53.734	101.8	-547.5
53.767	75.30	-551.4
53.800	45.69	-554.6
53.834	13.21	-556.3
53.867	-18.02	-556.2
53.900	-50.16	-554.6
53.934	-77.18	-551.3
53.967	-102.4	-547.7
54.000	-118.8	-544.5
54.034	-131.6	-541.7
54.067	-136.4	-540.4
54.100	-135.1	-540.6
54.134	-126.8	-542.6
54.167	-111.5	-545.5
54.201	-89.04	-549.2
54.234	-65.02	-552.7
54.267	-35.08	-555.1
54.301	-4.690	-556.6
54.334	-0.142	-556.6
54.367	27.09	-555.5
54.401	56.15	-553.3
54.434	87.62	-549.7
54.467	109.3	-545.5
54.501	127.2	-541.5
54.534	138.2	-538.3
54.567	145.6	-536.4
54.601	145.2	-536.2
54.634	141.2	-537.4
54.667	130.8	-540.2
54.701	118.8	-543.6
54.734	99.65	-547.5
54.768	74.55	-551.4
54.801	50.06	-554.7
54.834	19.50	-556.5
54.868	13.98	-556.5
54.901	-18.30	-556.3
54.934	-48.11	-554.7
54.968	-76.43	-551.4
55.001	-98.65	-548.2
55.034	-116.0	-545.2
55.068	-129.1	-542.7
55.101	-134.3	-541.5
55.134	-133.1	-541.6
55.168	-124.4	-543.4
55.201	-109.0	-546.4
55.234	-89.43	-549.7
55.268	-61.20	-553.2
55.301	-32.42	-555.5
55.335	-1.362	-556.7
55.368	25.87	-556.2
55.401	56.36	-554.4
55.435	83.63	-551.3
55.468	108.1	-547.4
55.501	130.3	-542.4
55.535	146.4	-538.3
55.568	159.8	-534.5
55.601	166.1	-532.6
55.635	166.4	-532.2
55.668	163.0	-533.6
55.701	152.6	-536.4
55.735	137.8	-540.4
55.768	120.5	-544.5
55.802	95.04	-549.4
55.835	67.23	-553.4
55.868	41.88	-555.6
55.902	11.22	-556.6
55.935	-20.22	-556.3
55.968	-50.76	-554.7
56.002	-77.28	-551.4
56.035	-101.9	-547.8
56.068	-118.9	-544.3
56.102	-129.9	-542.1
56.135	-135.2	-541.2
56.168	-133.7	-541.6
56.202	-125.0	-543.3
56.235	-110.3	-546.4
56.268	-87.92	-550.1
56.302	-62.46	-553.5
56.335	-33.48	-556.0
56.369	-3.356	-557.2
56.402	3.020	-557.6
56.435	27.98	-556.4
56.469	56.99	-554.1
56.502	86.62	-550.7
56.535	107.9	-546.5
56.569	124.8	-542.5
56.602	136.3	-539.4
56.635	143.3	-537.4
56.669	143.0	-537.4
56.702	139.0	-538.4
56.735	131.5	-540.6
56.769	119.6	-543.6
56.802	100.8	-547.6
56.835	77.58	-551.3
56.869	51.90	-554.7
56.902	40.48	-555.4
56.936	12.80	-556.6
56.969	-18.10	-556.5
57.002	-48.35	-554.5
57.036	-76.03	-551.4
57.069	-98.54	-548.3
57.102	-115.5	-545.3
57.136	-125.6	-543.3
57.169	-130.3	-542.3
57.202	-129.1	-542.7
57.236	-120.3	-544.4
57.269	-104.5	-547.4
57.302	-84.30	-550.5
57.336	-59.05	-553.5
57.369	-30.33	-555.6
57.403	1.269	-556.5
57.436	32.69	-555.6
57.469	61.35	-553.3
57.503	91.07	-549.5
57.536	117.6	-544.4
57.569	138.8	-539.4
57.603	156.6	-534.4
57.636	168.8	-530.5
57.669	174.8	-528.5
57.703	177.2	-527.3
57.736	172.0	-529.5
57.769	162.6	-532.4
57.803	148.9	-536.6
57.836	129.3	-541.4
57.869	105.8	-546.6
57.903	75.86	-551.5
57.936	46.57	-554.7
57.970	14.16	-556.3
58.003	-17.40	-556.2
58.036	-49.45	-554.6
58.070	-76.51	-551.4
58.103	-101.7	-547.7
58.136	-118.3	-544.4
58.170	-131.3	-541.6
58.203	-135.8	-540.5
58.236	-134.6	-540.9
58.270	-125.4	-542.6
58.303	-110.5	-545.5
58.336	-90.80	-548.8
58.370	-62.47	-552.3
58.403	-34.74	-554.9
58.436	-3.132	-555.7
58.470	26.56	-555.3
58.503	56.88	-553.5
58.537	83.00	-550.4
58.570	107.0	-546.5
58.603	129.8	-541.5
58.637	145.5	-537.4
58.670	156.5	-534.3
58.703	163.4	-532.3
58.737	164.0	-532.4
58.770	160.3	-533.4
58.803	150.5	-536.3
58.837	135.7	-540.4
58.870	118.3	-544.5
58.903	97.41	-548.5
58.937	70.42	-552.4
58.970	40.52	-555.4
59.004	10.87	-556.7
59.037	-18.73	-556.2
59.070	-49.37	-554.5
59.104	-76.41	-551.5
59.137	-98.42	-548.3
59.170	-115.5	-545.3
59.204	-126.0	-543.2
59.237	-131.0	-542.4
59.270	-129.6	-542.6
59.304	-120.6	-544.5
59.337	-104.7	-547.5
59.370	-83.93	-550.5
59.404	-59.49	-553.6
59.437	-30.29	-555.5
59.470	0.751	-556.5
59.504	32.57	-555.6
59.537	61.22	-553.4
59.571	85.71	-550.5
59.604	109.1	-546.5
59.637	127.7	-542.4
59.671	143.9	-538.4
59.704	154.8	-535.3
59.737	161.3	-533.2
59.771	164.1	-532.7
59.804	160.2	-533.5
59.837	150.7	-536.4
59.871	135.8	-540.5
59.904	118.1	-544.6
59.937	96.41	-548.5
59.971	70.01	-552.5
60.004	39.70	-555.3
60.037	9.364	-556.5
60.071	-20.16	-556.2
60.104	-50.63	-554.7
60.138	-76.97	-551.4
60.171	-101.4	-547.7
60.204	-118.0	-544.4
60.238	-128.8	-542.3
60.271	-133.1	-541.3
60.304	-131.7	-541.8
60.338	-122.6	-543.5
60.371	-106.5	-546.4
60.404	-87.09	-549.6
60.438	-63.33	-552.8
60.471	-32.81	-555.0
60.504	-3.447	-556.5
60.538	26.53	-556.2
60.571	56.45	-554.4
60.605	85.80	-550.6
60.638	109.8	-546.5
60.671	131.9	-541.6
60.705	147.3	-537.4
60.738	158.0	-534.5
60.771	164.5	-532.5
60.805	164.7	-532.3
60.838	161.1	-533.7
60.871	150.9	-536.5
60.905	135.9	-540.4
60.938	118.4	-544.5
60.971	97.41	-548.5
61.005	70.73	-552.5
61.038	40.07	-555.4
61.071	11.73	-556.6
61.105	-19.56	-556.2
61.138	-48.79	-554.6
61.172	-76.39	-551.6
61.205	-97.85	-548.2
61.238	-114.8	-545.3
61.272	-125.6	-543.4
61.305	-129.9	-542.4
61.338	-128.7	-542.8
61.372	-119.2	-544.4
61.405	-103.3	-547.5
61.438	-82.78	-550.6
61.472	-57.43	-553.6
61.505	-29.07	-555.5
61.538	0.957	-556.4
61.572	33.02	-555.5
61.605	60.90	-553.5
61.638	85.33	-550.4
61.672	109.0	-546.5
61.705	128.5	-542.4
61.739	144.7	-538.4
61.772	155.5	-535.3
61.805	161.9	-533.5
61.839	162.3	-533.3
61.872	158.9	-534.6
61.905	148.7	-537.4
61.939	133.7	-541.4
61.972	115.8	-545.5
62.005	93.28	-549.5
62.039	66.40	-553.3
62.072	40.52	-555.5
62.105	10.80	-556.6
62.139	-19.86	-556.3
62.172	-49.70	-554.6
62.206	-76.98	-551.4
62.239	-98.52	-548.3
62.272	-115.4	-545.4
62.306	-125.2	-543.3
62.339	-129.9	-542.5
62.372	-128.8	-542.7
62.406	-119.6	-544.5
62.439	-103.7	-547.5
62.472	-83.24	-550.5
62.506	-58.46	-553.6
62.539	-29.98	-555.6
62.572	8.259E-2	-556.5
62.606	33.20	-555.5
62.639	60.61	-553.4
62.672	90.23	-549.3
62.706	113.7	-545.5
62.739	131.7	-541.5
62.773	147.5	-537.4
62.806	158.1	-534.6
62.839	164.2	-532.3
62.873	164.9	-532.5
62.906	161.0	-533.7
62.939	151.0	-536.5
62.973	135.4	-540.4
63.006	118.2	-544.4
63.039	97.20	-548.4
63.073	70.95	-552.5
63.106	38.96	-555.4
63.139	10.68	-556.6
63.173	-19.69	-556.0
63.206	-48.52	-554.7
63.239	-76.26	-551.5
63.273	-97.92	-548.3
63.306	-115.0	-545.4
63.340	-124.8	-543.4
63.373	-128.6	-542.6
63.406	-124.9	-543.1
63.440	-116.0	-545.4
63.473	-100.2	-548.2
63.506	-79.40	-551.4
63.540	-54.29	-554.4
63.573	-25.56	-556.4
63.606	4.913	-556.9
63.640	35.62	-555.6
63.673	61.43	-553.4
63.706	90.68	-549.5
63.740	113.7	-545.4
63.773	135.2	-540.3
63.807	150.9	-536.5
63.840	160.9	-533.5
63.873	167.2	-531.4
63.907	167.8	-531.5
63.940	164.1	-532.7
63.973	153.8	-535.5
64.007	139.2	-539.3
64.040	121.8	-543.5
