	mass A		
t	x	y	
0.000	-293.3	-437.7
0.033	-267.4	-456.8
0.067	-228.9	-479.5
0.100	-177.6	-503.7
0.133	-119.5	-522.8
0.167	-48.45	-534.9
0.200	26.05	-536.9
0.233	101.3	-528.7
0.267	171.4	-511.5
0.300	223.1	-492.9
0.334	281.1	-463.9
0.367	327.4	-434.7
0.400		
0.434	377.3	-396.5
0.467	382.6	-392.9
0.500	371.4	-401.5
0.534	347.6	-420.9
0.567		
0.600	257.2	-476.1
0.634	215.6	-496.2
0.667	113.0	-526.9
0.700	35.58	-538.0
0.734	-42.23	-537.9
0.767	-114.2	-526.5
0.800	-176.1	-507.2
0.834	-228.2	-483.2
0.867	-268.8	-458.7
0.901	-296.6	-438.1
0.934	-313.9	-424.1
0.967	-320.7	-418.3
1.001	-317.8	-421.0
1.034	-305.0	-433.1
1.067	-281.4	-451.7
1.101	-247.8	-475.1
1.134	-199.6	-500.4
1.167	-142.8	-521.7
1.201	-76.73	-536.8
1.234	-5.137	-542.7
1.267	70.46	-538.1
1.301	141.9	-524.1
1.334	206.8	-501.9
1.367	261.4	-477.2
1.401	308.3	-450.1
1.434	365.5	-410.6
1.468	384.2	-395.4
1.501	390.5	-390.6
1.534	383.2	-396.4
1.568	362.7	-413.7
1.601	325.4	-439.6
1.634	285.8	-463.9
1.668	224.7	-493.6
1.701	152.7	-518.8
1.734	75.92	-534.0
1.768	3.061	-538.4
1.801	-69.26	-532.6
1.834	-131.9	-518.1
1.868	-185.7	-497.0
1.901	-225.1	-474.7
1.934	-254.1	-454.5
1.968	-273.3	-440.1
2.001	-282.0	-431.9
2.035	-281.2	-432.7
2.068	-271.8	-441.0
2.101	-252.5	-456.1
2.135	-222.6	-475.7
2.168	-180.5	-498.3
2.201	-127.8	-517.7
2.235	-61.31	-559.5
2.268	14.15	-563.1
2.301	89.26	-543.6
2.335	165.6	-535.6
2.368	248.6	-553.6
2.401	312.7	-517.3
2.435	381.4	-500.4
2.468	420.7	-469.4
2.502	398.9	-389.6
2.535		
2.568	444.3	-439.9
2.602	422.5	-455.7
2.635	387.0	-485.2
2.668	316.5	-483.6
2.702	247.1	-490.0
2.735	175.0	-535.9
2.768	98.39	-556.6
2.802	16.67	-601.1
2.835	-64.21	-596.9
2.868	-138.3	-582.5
2.902	-196.5	-554.3
2.935	-234.3	-516.9
2.968	-284.7	-513.5
3.002	-301.4	-485.7
3.035	-316.3	-478.8
3.069	-318.6	-478.5
3.102	-293.7	-468.3
3.135	-276.5	-487.8
3.169	-245.3	-512.0
3.202	-214.3	-556.0
3.235	-141.2	-541.1
3.269	-82.11	-580.7
3.302	-4.608	-572.1
3.335	71.23	-547.6
3.369	153.5	-575.9
3.402	237.3	-568.6
3.435	306.4	-538.4
3.469	359.2	-483.9
3.502	411.4	-469.6
3.535	399.3	-409.7
3.569	370.0	-399.3
3.602	367.0	-402.0
3.636	354.2	-412.9
3.669	327.1	-435.4
3.702	290.0	-458.3
3.736	240.8	-483.4
3.769	160.2	-514.4
3.802	88.78	-530.6
3.836		
3.869	-60.92	-532.5
3.902	-123.5	-520.3
3.936	-181.8	-501.4
3.969	-229.4	-479.6
4.002	-267.4	-457.6
4.036	-292.7	-439.4
4.069	-308.3	-428.7
4.102	-311.9	-426.5
4.136	-306.1	-432.6
4.169	-287.8	-447.3
4.203	-258.6	-467.4
4.236	-216.5	-490.3
4.269	-165.1	-511.6
4.303	-101.8	-528.4
4.336	-29.00	-537.4
4.369	46.39	-536.5
4.403	121.4	-525.5
4.436	183.0	-508.4
4.469	243.0	-484.4
4.503	290.9	-459.4
4.536	327.1	-436.5
4.569		
4.603		
4.636		
4.669	351.3	-419.6
4.703	322.8	-439.3
4.736	282.7	-464.3
4.770	233.9	-489.4
4.803	170.9	-513.4
4.836	100.9	-530.6
4.870	29.41	-538.6
4.903	-47.05	-536.5
4.936	-109.4	-526.6
4.970	-170.0	-508.4
5.003	-221.4	-486.3
5.036	-260.4	-465.2
5.070	-288.1	-447.5
5.103	-301.9	-437.3
5.136	-306.7	-434.1
5.170	-301.5	-439.1
5.203	-286.3	-451.8
5.236	-259.0	-469.6
5.270	-219.9	-490.5
5.303	-168.6	-511.3
5.337	-106.1	-528.4
5.370	-36.83	-537.7
5.403	38.70	-537.7
5.437	113.6	-527.4
5.470	185.3	-508.5
5.503	250.1	-482.4
5.537	305.0	-453.5
5.570		
5.603	372.9	-405.3
5.637		
5.670	386.0	-393.7
5.703	374.1	-403.8
5.737	327.1	-433.2
5.770	285.4	-459.3
5.803	237.3	-484.2
5.837	187.2	-504.2
5.870	105.7	-526.0
5.904		
5.937	-38.35	-537.0
5.970	-106.2	-527.0
6.004	-167.5	-510.1
6.037	-219.6	-489.0
6.070	-261.7	-467.1
6.104	-293.1	-446.9
6.137	-311.6	-434.1
6.170	-318.9	-428.9
6.204	-314.8	-433.1
6.237	-299.8	-445.2
6.270	-270.9	-463.7
6.304	-233.5	-485.2
6.337	-181.2	-506.9
6.370	-119.5	-525.0
6.404	-50.43	-536.0
6.437	23.92	-537.8
6.471	99.85	-530.2
6.504	171.2	-513.0
6.537	238.4	-487.8
6.571	289.7	-462.1
6.604	319.6	-444.0
6.637	345.6	-426.0
6.671	358.8	-416.0
6.704	359.5	-414.8
6.737	348.7	-423.0
6.771	325.6	-439.0
6.804	290.5	-460.9
6.837	242.6	-486.0
6.871	192.6	-506.0
6.904	125.6	-525.1
6.938	53.59	-535.8
6.971	-20.38	-536.6
7.004	-96.18	-528.2
7.038	-160.3	-511.0
7.071	-216.5	-488.9
7.104	-258.0	-466.7
7.138	-290.9	-446.7
7.171	-310.7	-434.3
7.204	-317.9	-429.0
7.238	-315.4	-432.0
7.271	-301.5	-442.9
7.304	-274.4	-460.8
7.338	-235.4	-483.0
7.371	-185.1	-506.6
7.404	-125.8	-525.1
7.438	-56.59	-536.8
7.471	17.54	-540.2
7.505	91.05	-533.3
7.538	160.5	-518.0
7.571	226.3	-495.0
7.605	306.9	-518.7
7.638	360.5	-499.1
7.671	388.8	-466.9
7.705		
7.738	354.2	-415.1
7.771	346.2	-421.2
7.805	325.2	-436.1
7.838	291.1	-458.1
7.871	250.6	-480.4
7.905		
7.938	128.6	-521.2
7.971	59.96	-532.4
8.005	-18.69	-534.9
8.038	-91.56	-527.1
8.072	-159.5	-511.1
8.105	-215.5	-490.2
8.138		
8.172		
8.205		
8.238		
8.272		
8.305		
8.338	-293.3	-453.5
8.372	-253.5	-475.5
8.405		
8.438		
8.472	-60.92	-534.7
8.505		
8.538	84.72	-532.5
8.572	156.6	-517.7
8.605	220.0	-495.7
8.639	272.4	-470.9
8.672	301.2	-453.7
8.705	329.1	-434.8
8.739	347.2	-422.0
8.772	350.2	-419.0
8.805	342.1	-424.8
8.839	322.3	-439.7
8.872	290.5	-460.0
8.905	255.3	-478.9
8.939	201.2	-502.8
8.972	128.0	-524.6
9.005	61.98	-535.9
9.039	-13.85	-537.9
9.072	-86.94	-530.6
9.105	-154.4	-515.0
9.139	-213.2	-493.7
9.172	-257.4	-470.4
9.206	-293.6	-449.4
9.239	-314.9	-435.7
9.272	-321.7	-431.0
9.306	-319.1	-432.8
9.339	-304.4	-442.6
9.372	-276.2	-460.8
9.406	-236.6	-481.8
9.439	-185.3	-504.9
9.472	-123.7	-522.8
9.506	-56.33	-534.8
9.539	13.97	-538.0
9.572	88.73	-532.0
9.606	157.3	-517.9
9.639	219.3	-496.6
9.672	271.0	-472.7
9.706	312.7	-447.7
9.739	373.9	-469.8
9.773		
9.806	345.2	-424.2
9.839	339.3	-429.3
9.873	323.3	-439.2
9.906	294.3	-459.2
9.939	255.8	-480.0
9.973	176.4	-374.8
10.006		
10.039	54.15	-537.0
10.073		
10.106	-90.05	-532.0
10.139	-156.9	-517.0
10.173	-212.9	-497.8
10.206	-258.0	-476.2
10.239	-288.3	-459.1
10.273	-306.7	-445.9
10.306	-314.3	-440.4
10.340	-310.0	-443.0
10.373	-295.1	-452.2
10.406	-267.2	-468.2
10.440	-228.3	-488.2
10.473	-178.5	-507.0
10.506	-119.0	-524.2
10.540	-51.41	-535.0
10.573	17.99	-537.4
10.606	82.03	-532.1
10.640	145.2	-518.9
10.673	210.4	-498.0
10.706	251.2	-479.0
10.740	286.2	-459.0
10.773		
10.806	328.8	-429.9
10.840	334.5	-426.3
10.873	330.0	-429.9
10.907	313.5	-442.2
10.940	284.4	-461.1
10.973	241.3	-484.0
11.007	190.5	-505.1
11.040	127.6	-524.1
11.073	59.90	-535.1
11.107	-12.87	-538.0
11.140	-83.57	-531.8
11.173	-149.1	-518.0
11.207	-208.9	-497.9
11.240	-256.6	-476.1
11.273	-291.2	-457.0
11.307	-312.3	-443.1
11.340	-321.2	-436.3
11.373	-318.1	-438.3
11.407	-302.8	-448.0
11.440	-276.2	-464.2
11.474	-236.2	-485.0
11.507	-184.5	-505.9
11.540	-127.4	-523.0
11.574	-59.63	-534.9
11.607	5.205	-538.4
11.640	74.64	-534.0
11.674	141.6	-521.2
11.707	195.8	-503.9
11.740	245.2	-483.0
11.774	282.5	-463.1
11.807	308.0	-447.0
11.840		
11.874		
11.907		
11.941	308.3	-448.2
11.974	278.3	-467.0
12.007	235.7	-488.8
12.041	183.5	-510.1
12.074	122.4	-527.1
12.107	50.14	-537.9
12.141	-21.53	-539.7
12.174	-95.43	-532.1
12.207	-159.9	-516.9
12.241	-211.1	-499.0
12.274	-257.2	-477.1
12.307	-289.9	-458.0
12.341	-310.0	-444.0
12.374	-318.8	-437.0
12.407	-315.1	-439.0
12.441	-301.1	-448.1
12.474	-274.7	-463.9
12.508	-237.2	-484.1
12.541	-187.1	-504.9
12.574	-132.6	-522.0
12.608	-68.12	-534.1
12.641	5.945	-538.3
12.674	75.20	-534.1
12.708	140.0	-522.0
12.741	193.9	-506.0
12.774	242.3	-486.1
12.808	282.5	-465.1
12.841	314.2	-446.0
12.874	333.2	-433.0
12.908	339.9	-427.9
12.941	333.3	-433.0
12.974	314.2	-446.0
13.008	282.3	-465.2
13.041	236.9	-487.8
13.075	184.0	-508.9
13.108	131.1	-524.0
13.141	63.30	-535.0
13.175	-8.446	-538.4
13.208	-81.00	-532.0
13.241	-146.1	-518.0
13.275	-202.3	-499.1
13.308	-245.9	-479.0
13.341	-279.7	-460.2
13.375	-300.6	-446.1
13.408	-310.3	-439.3
13.441	-308.2	-440.4
13.475	-294.4	-448.9
13.508	-269.0	-465.0
13.541	-232.8	-484.1
13.575	-183.1	-504.9
13.608	-127.8	-522.1
13.642	-63.43	-534.0
13.675	3.943	-538.3
13.708	70.73	-533.9
13.742	140.5	-521.2
13.775	189.2	-505.9
13.808	237.7	-485.8
13.842	280.6	-464.2
13.875		
13.908		
13.942		
13.975		
14.008		
14.042	282.1	-463.0
14.075	239.6	-485.1
14.108	188.1	-506.0
14.142	127.2	-523.9
14.175	62.85	-535.2
14.209	-10.41	-538.2
14.242	-80.68	-532.2
14.275	-145.8	-518.2
14.309	-200.3	-500.0
14.342	-243.8	-480.1
14.375	-276.3	-462.2
14.409	-296.9	-448.2
14.442	-306.7	-441.1
14.475	-304.9	-442.1
14.509	-291.4	-450.8
14.542	-267.6	-465.9
14.575	-231.6	-484.9
14.609	-184.2	-504.8
14.642	-129.1	-522.0
14.675	-64.04	-534.2
14.709	2.175	-538.1
14.742	71.15	-533.9
14.776	138.2	-521.9
14.809	185.1	-507.8
14.842	235.0	-488.0
14.876	278.0	-466.0
14.909	307.7	-448.7
14.942	329.5	-435.1
14.976	336.3	-430.1
15.009	329.3	-435.0
15.042	310.3	-448.0
15.076	280.4	-466.3
15.109	237.1	-488.0
15.142	186.1	-508.9
15.176	127.1	-526.0
15.209	60.30	-536.9
15.242	-2.086	-539.0
15.276	-72.08	-534.0
15.309	-138.4	-520.1
15.343	-193.4	-501.9
15.376	-239.7	-481.7
15.409	-272.3	-464.0
15.443	-293.6	-449.8
15.476	-303.6	-442.9
15.509	-302.6	-443.9
15.543	-291.2	-452.2
15.576	-267.5	-466.8
15.609	-234.4	-485.0
15.643	-188.9	-504.9
15.676	-135.4	-522.1
15.709	-73.50	-534.8
15.743	-10.06	-540.5
15.776	57.78	-538.8
15.809	123.4	-529.0
15.843	181.6	-513.2
15.876	233.5	-493.2
15.910	276.0	-471.9
15.943	309.1	-452.9
15.976	329.4	-440.1
16.010	337.9	-433.9
16.043	332.5	-438.2
16.076	314.2	-450.0
16.110	283.9	-467.9
16.143	242.8	-488.8
16.176	201.1	-506.0
16.210	139.0	-525.0
16.243	70.23	-537.7
16.276	2.024	-541.5
16.310	-70.25	-537.1
16.343	-133.3	-524.2
16.377	-185.7	-507.0
16.410	-228.8	-487.8
16.443	-261.7	-469.9
16.477	-280.5	-456.7
16.510	-290.1	-450.4
16.543	-288.3	-451.0
16.577	-276.2	-458.9
16.610	-253.6	-473.1
16.643	-220.4	-490.8
16.677	-177.8	-509.1
16.710	-124.9	-525.1
16.743	-63.70	-536.2
16.777	2.132	-540.1
16.810	70.94	-536.0
16.843	133.9	-524.9
16.877	198.0	-506.0
16.910	233.1	-492.0
16.944	275.6	-471.2
16.977	304.9	-453.8
17.010	325.4	-441.1
17.044	330.9	-436.8
17.077	325.3	-441.0
17.110	308.3	-452.0
17.144	279.1	-469.0
17.177	237.5	-490.1
17.210	186.8	-509.8
17.244	126.9	-526.9
17.277	58.70	-537.9
17.310		
17.344		
17.377		
17.410		
17.444		
17.477	-270.7	-464.8
17.511	-290.8	-451.8
17.544	-301.2	-445.0
17.577	-299.7	-445.8
17.611	-287.8	-453.8
17.644	-265.4	-467.7
17.677	-231.6	-485.8
17.711	-191.6	-503.0
17.744	-135.7	-520.9
17.777	-71.51	-533.4
17.811		
17.844		
17.877		
17.911		
17.944	241.4	-485.1
17.977	279.4	-466.0
18.011	307.1	-449.9
18.044	327.3	-437.1
18.078	334.5	-432.1
18.111	328.6	-436.2
18.144	311.4	-447.1
18.178	282.5	-464.2
18.211	247.1	-481.9
18.244		
18.278	126.3	-523.4
18.311		
18.344	-18.05	-537.0
18.378	-85.82	-529.9
18.411	-147.3	-516.1
18.444	-199.8	-497.8
18.478	-245.8	-476.9
18.511	-274.5	-461.2
18.544	-294.0	-448.0
18.578	-302.7	-441.8
18.611	-301.7	-442.8
18.645	-290.0	-451.0
18.678	-267.7	-464.9
18.711	-234.1	-483.0
18.745	-186.2	-503.1
18.778	-132.3	-520.0
18.811	-69.05	-531.9
18.845	4.683	-536.0
18.878	76.53	-531.2
18.911	138.2	-520.0
18.945	195.4	-503.1
18.978	233.2	-488.0
19.011	273.7	-467.8
19.045		
19.078		
19.111	333.9	-430.9
19.145	328.2	-435.1
19.178	309.8	-446.8
19.212		
19.245		
19.278	180.5	-505.4
19.312	125.6	-520.4
19.345	55.29	-531.2
19.378	-11.57	-533.3
19.412	-75.20	-528.1
19.445	-135.2	-514.9
19.478	-187.4	-498.2
19.512		
19.545	-270.7	-460.3
19.578	-289.5	-448.1
19.612	-299.0	-442.3
19.645	-297.7	-443.3
19.678	-286.0	-451.5
19.712	-263.2	-465.5
19.745	-228.7	-483.3
19.779	-181.3	-503.3
19.812		
19.845	-65.43	-530.2
19.879	-4.512	-534.7
19.912	61.87	-531.8
19.945	131.5	-519.7
19.979	180.9	-505.8
20.012	227.2	-487.6
20.045	268.1	-467.5
20.079	298.2	-450.6
20.112	322.6	-435.4
20.145	328.3	-431.5
20.179	322.6	-435.6
20.212		
20.245	268.5	-467.0
20.279	227.3	-487.0
20.312	182.3	-503.9
20.346	124.7	-520.1
20.379	60.08	-530.1
20.412		
20.446	-75.18	-526.9
20.479	-133.8	-514.7
20.512	-186.8	-497.9
20.546		
20.579		
20.612		
20.646	-300.1	-446.7
20.679	-299.2	-447.9
20.712	-287.2	-455.9
20.746	-262.2	-470.7
20.779	-226.9	-488.7
20.813	-187.0	-506.1
20.846	-131.2	-522.8
20.879	-68.24	-534.4
20.913	-2.693	-539.4
20.946	67.98	-535.7
20.979	132.5	-524.6
21.013	185.8	-509.7
21.046	232.6	-491.6
21.079	273.7	-471.6
21.113	303.7	-454.7
21.146	321.0	-443.8
21.179	326.8	-439.8
21.213	319.4	-445.1
21.246	300.3	-457.0
21.279	269.9	-473.8
21.313	228.3	-493.9
21.346	174.6	-513.6
21.380	121.0	-527.8
21.413	54.76	-537.6
21.446	-11.39	-539.7
21.480	-77.35	-533.8
21.513	-136.2	-521.5
21.546	-188.4	-504.6
21.580	-230.8	-486.5
21.613	-261.4	-470.7
21.646	-280.2	-458.6
21.680	-289.8	-453.0
21.713	-287.8	-454.3
21.746	-275.2	-463.0
21.780	-250.9	-476.8
21.813	-215.4	-494.5
21.846	-168.6	-512.7
21.880	-114.3	-528.0
21.913	-51.95	-537.6
21.947	14.12	-540.4
21.980	79.46	-535.7
22.013	142.9	-523.8
22.047	198.2	-506.9
22.080	242.3	-488.9
22.113	279.9	-469.7
22.147	305.9	-454.7
22.180	320.0	-445.7
22.213	323.0	-443.7
22.247	315.1	-448.9
22.280	297.3	-460.0
22.313	268.1	-475.9
22.347	230.1	-493.8
22.380	180.1	-512.8
22.413	120.9	-528.7
22.447	54.73	-538.6
22.480	-11.33	-540.7
22.514	-74.35	-535.4
22.547	-137.0	-523.0
22.580	-190.5	-505.9
22.614	-232.4	-487.8
22.647	-266.0	-470.7
22.680	-286.0	-458.7
22.714	-294.4	-453.7
22.747	-291.5	-455.8
22.780	-277.0	-464.6
22.814	-252.3	-479.0
22.847	-217.0	-496.0
22.880	-169.1	-513.7
22.914	-112.9	-528.8
22.947	-52.93	-538.0
22.980	11.05	-540.6
23.014	83.81	-534.8
23.047	145.7	-522.6
23.081	200.6	-505.7
23.114	242.3	-488.9
23.147	275.9	-471.7
23.181	302.0	-456.8
23.214	315.9	-447.7
23.247	318.8	-445.7
23.281	311.0	-450.8
23.314	291.2	-462.9
23.347	259.8	-479.7
23.381	216.0	-499.8
23.414	167.9	-516.8
23.447	111.4	-530.9
23.481	42.56	-539.7
23.514	-21.86	-540.4
23.547	-89.01	-533.7
23.581	-147.9	-520.7
23.614	-199.1	-503.7
23.648	-243.2	-484.9
23.681	-273.0	-468.7
23.714	-293.0	-456.7
23.748	-301.4	-451.9
23.781	-297.1	-454.5
23.814	-282.9	-463.7
23.848	-257.2	-478.7
23.881	-220.2	-496.1
23.914	-171.3	-513.8
23.948	-113.2	-528.8
23.981	-50.82	-538.5
24.014	18.02	-541.0
24.048	81.55	-535.7
24.081	140.6	-524.7
24.114	195.9	-507.8
24.148	242.2	-488.9
24.181	277.5	-470.6
24.215	301.6	-456.6
24.248	315.2	-447.9
24.281	317.9	-445.8
24.315	308.4	-451.5
24.348	289.2	-464.0
24.381	257.8	-480.8
24.415	222.3	-496.9
24.448	164.9	-517.8
24.481	109.4	-530.8
24.515	46.32	-539.0
24.548	-23.52	-539.5
24.581	-90.18	-532.7
24.615	-152.1	-518.8
24.648	-203.3	-501.6
24.681	-244.5	-483.6
24.715	-275.6	-467.7
24.748	-294.2	-456.5
24.782	-301.1	-452.5
24.815	-296.4	-455.9
24.848	-279.5	-466.0
24.882	-249.7	-481.3
24.915	-209.8	-499.4
24.948	-161.1	-517.0
24.982	-104.7	-531.0
25.015	-41.55	-539.5
25.048	17.54	-541.8
25.082	85.15	-536.1
25.115	145.0	-523.9
25.148	197.0	-507.9
25.182	242.3	-489.1
25.215	277.2	-471.0
25.248	325.9	-487.7
25.282	345.1	-486.5
25.315	343.2	-481.6
25.349	333.0	-487.6
25.382	289.2	-471.4
25.415	254.8	-484.4
25.449	212.9	-505.2
25.482	165.7	-521.8
25.515	104.1	-537.1
25.549	39.68	-544.7
25.582	-35.35	-543.1
25.615	-101.1	-540.8
25.649	-173.1	-567.4
25.682	-229.9	-550.8
25.715	-282.1	-539.7
25.749	-317.9	-526.0
25.782	-339.7	-515.7
25.816	-346.6	-511.9
25.849	-339.2	-515.5
25.882	-313.2	-519.7
25.916	-277.0	-532.1
25.949	-225.1	-538.1
25.982	-164.4	-521.7
26.016	-106.8	-536.2
26.049	-43.91	-545.4
26.082	20.05	-552.0
26.116	83.02	-539.6
26.149	150.3	-553.4
26.182	212.2	-555.4
26.216	258.0	-535.6
26.249	287.8	-512.0
26.282	318.9	-509.9
26.316	330.8	-502.9
26.349	331.8	-502.8
26.383	305.7	-489.1
26.416	267.0	-478.1
26.449	239.0	-499.6
26.483	199.9	-521.7
26.516	158.0	-558.8
26.549	94.05	-567.0
26.583	27.76	-588.8
26.616	-45.01	-563.8
26.649	-117.0	-585.0
26.683	-187.2	-578.7
26.716	-230.8	-543.0
26.749	-274.2	-521.4
26.783	-317.8	-522.0
26.816	-337.1	-511.1
26.849	-345.2	-512.7
26.883	-337.1	-518.5
26.916	-308.0	-519.9
26.950	-268.3	-528.3
26.983	-217.9	-536.7
27.016	-158.6	-523.0
27.050	-99.47	-537.1
27.083	-35.79	-571.6
27.116	32.18	-574.1
27.150	103.1	-585.5
27.183	165.1	-574.8
27.216	217.9	-555.8
27.250	261.1	-536.5
27.283	300.0	-528.6
27.316	308.0	-496.7
27.350	318.0	-489.7
27.383	318.1	-490.3
27.416	317.8	-512.9
27.450	266.9	-486.8
27.483	231.9	-497.7
27.517	196.8	-529.0
27.550	150.0	-557.6
27.583	87.96	-572.5
27.617	17.95	-569.9
27.650	-52.07	-558.4
27.683	-121.8	-585.1
27.717	-193.9	-581.2
27.750	-251.7	-561.5
27.783	-294.1	-542.5
27.817	-325.6	-527.3
27.850	-343.0	-518.3
27.883	-346.9	-516.4
27.917	-337.2	-522.2
27.950	-287.8	-488.1
27.983	-253.1	-502.3
28.017	-206.2	-514.8
28.050	-152.8	-534.5
28.084	-91.17	-537.4
28.117	-28.85	-544.9
28.150	34.44	-544.9
28.184	111.0	-584.4
28.217	171.0	-570.1
28.250	224.1	-556.0
28.284	266.8	-539.9
28.317	294.9	-519.1
28.350	316.9	-508.7
28.384	323.0	-498.6
28.417	320.7	-499.0
28.450	283.0	-472.7
28.484	261.2	-485.4
28.517	229.1	-503.4
28.550	211.0	-569.2
28.584	149.8	-575.2
28.617	80.78	-570.9
28.651	14.76	-590.8
28.684	-56.34	-585.6
28.717	-129.1	-590.6
28.751	-195.0	-577.1
28.784	-248.3	-558.2
28.817	-288.1	-536.7
28.851	-318.2	-520.6
28.884	-307.0	-461.6
28.917	-309.6	-461.1
28.951	-299.1	-465.8
28.984	-287.1	-502.7
29.017	-245.2	-503.7
29.051	-208.0	-554.8
29.084	-145.2	-549.0
29.117	-82.62	-538.8
29.151	-19.87	-563.3
29.184	42.49	-544.5
29.218	103.2	-535.9
29.251	157.6	-524.0
29.284	225.1	-547.7
29.318	263.0	-528.9
29.351	292.0	-512.5
29.384	311.0	-502.5
29.418	315.1	-492.5
29.451	310.9	-492.8
29.484	287.8	-487.9
29.518	263.8	-499.9
29.551	222.0	-506.6
29.584	179.9	-526.0
29.618	138.0	-561.6
29.651	72.23	-559.1
29.684	3.851	-566.0
29.718	-65.85	-591.4
29.751	-136.2	-584.6
29.785	-198.1	-570.6
29.818	-255.0	-559.3
29.851	-292.4	-535.3
29.885	-324.9	-525.9
29.918	-340.6	-519.2
29.951	-342.0	-518.5
29.985	-329.0	-526.3
30.018	-286.9	-516.0
30.051	-250.9	-538.1
30.085	-200.0	-555.1
30.118	-139.8	-564.7
30.151	-73.74	-540.1
30.185	-12.24	-544.9
30.218	50.21	-543.0
30.252	110.0	-535.1
30.285	163.1	-521.4
30.318	221.9	-504.9
30.352	262.0	-487.6
30.385	305.1	-502.4
30.418	330.9	-504.0
30.452	337.0	-496.7
30.485	328.0	-495.5
30.518	289.7	-469.7
30.552	261.5	-480.7
30.585	225.6	-497.6
30.618	179.6	-515.8
30.652	121.7	-533.6
30.685	58.97	-544.6
30.718	-7.197	-550.1
30.752	-69.06	-540.9
30.785	-139.8	-572.9
30.819	-202.7	-565.1
30.852	-260.0	-554.9
30.885	-301.0	-538.8
30.919	-328.1	-525.9
30.952	-342.2	-519.3
30.985	-340.7	-520.2
31.019	-321.2	-521.6
31.052	-287.1	-526.6
31.085	-241.1	-527.3
31.119	-191.0	-549.1
31.152	-133.1	-561.1
31.185	-71.88	-569.2
31.219	-6.077	-565.0
31.252	60.09	-568.9
31.285	112.2	-534.8
31.319	164.4	-521.4
31.352	234.7	-557.0
31.386	269.9	-534.7
31.419	266.5	-479.2
31.452	308.8	-505.9
31.486	287.7	-470.0
31.519	311.0	-509.6
31.552	265.8	-480.9
31.586	240.0	-494.7
31.619	205.2	-513.3
31.652	159.8	-530.1
31.686	104.0	-539.3
31.719	54.75	-605.6
31.752	-17.35	-605.9
31.786	-89.21	-600.0
31.819	-158.1	-589.4
31.852	-222.1	-573.9
31.886	-271.6	-555.5
31.919	-304.0	-532.8
31.953	-328.2	-520.6
31.986	-338.6	-515.2
32.019	-336.4	-516.3
32.053	-316.7	-521.1
32.086	-269.9	-497.1
32.119	-231.2	-512.8
32.153	-182.1	-526.8
32.186	-127.6	-533.1
32.219	-66.17	-559.8
32.253	-3.121	-545.5
32.286	59.41	-543.0
32.319	116.9	-534.5
32.353	190.8	-571.5
32.386	236.7	-553.1
32.419	270.8	-532.8
32.453	287.2	-506.3
32.486	302.0	-499.7
32.520	303.9	-495.7
32.553	296.8	-499.8
32.586	280.0	-511.6
32.620	261.8	-543.8
32.653	209.7	-540.1
32.686	154.9	-541.8
32.720	98.95	-553.5
32.753	41.00	-585.3
32.786	-29.09	-577.1
32.820	-97.94	-595.4
32.853	-168.0	-588.8
32.886	-229.9	-571.6
32.920	-279.7	-552.7
32.953	-296.2	-514.4
32.986	-328.8	-520.2
33.020	-338.3	-515.4
33.053	-333.0	-517.7
33.087	-312.3	-524.5
33.120	-280.2	-537.4
33.153	-245.8	-563.1
33.187	-173.4	-519.4
33.220	-119.8	-544.9
33.253	-57.54	-543.2
33.287	10.80	-586.5
33.320	66.82	-543.0
33.353	123.7	-534.0
33.387	195.8	-566.2
33.420	239.9	-547.8
33.453	267.7	-522.1
33.487	296.1	-515.5
33.520	308.3	-507.4
33.553	310.9	-507.7
33.587	300.8	-510.9
33.620	285.0	-527.6
33.654	230.0	-504.6
33.687	190.9	-520.9
33.720	159.0	-570.4
33.754	89.05	-549.3
33.787	26.81	-557.1
33.820	-37.01	-599.8
33.854	-107.9	-596.0
33.887	-175.7	-587.5
33.920	-236.7	-569.5
33.954	-281.5	-551.4
33.987	-303.9	-525.0
34.020	-331.4	-524.3
34.054	-337.9	-521.7
34.087	-328.8	-523.1
34.120	-286.1	-489.7
34.154	-256.0	-504.9
34.187	-235.8	-563.1
34.221	-165.6	-540.0
34.254	-107.9	-546.2
34.287	-47.20	-553.1
34.321	21.35	-602.5
34.354	88.74	-599.6
34.387	148.6	-582.0
34.421	199.0	-561.2
34.454	238.8	-538.0
34.487	274.8	-528.9
34.521	269.0	-478.7
34.554	314.0	-518.8
34.587	315.1	-519.4
34.621	270.0	-477.6
34.654	249.0	-487.6
34.688	223.0	-507.6
34.721	182.9	-524.7
34.754	132.9	-535.0
34.788	91.03	-596.6
34.821	22.82	-607.1
34.854	-48.96	-603.1
34.888	-120.2	-599.6
34.921	-186.7	-585.2
34.954	-245.0	-566.7
34.988	-287.6	-548.3
35.021	-316.4	-534.3
35.054	-332.9	-525.3
35.088	-336.7	-523.3
35.121	-321.2	-520.5
35.154	-290.3	-518.6
35.188	-256.1	-534.6
35.221	-221.9	-562.9
35.255	-154.0	-540.2
35.288	-97.39	-547.9
35.321	-35.74	-547.7
35.355	30.02	-587.0
35.388	90.04	-567.4
35.421	136.0	-528.9
35.455	205.8	-562.1
35.488	247.9	-545.8
35.521	275.9	-524.8
35.555	302.2	-522.3
35.588	311.9	-517.7
35.621	278.8	-474.9
35.655	284.9	-503.7
35.688	256.0	-505.7
35.721	226.8	-525.9
35.755	183.8	-541.8
35.788	125.8	-541.2
35.822	68.88	-549.9
35.855	6.011	-557.3
35.888	-58.90	-584.3
35.922	-126.8	-579.0
35.955	-193.2	-575.5
35.988	-252.8	-563.3
36.022	-273.0	-524.9
36.055	-312.3	-526.4
36.088	-329.1	-522.8
36.122	-330.9	-522.8
36.155	-312.2	-517.6
36.188	-272.8	-495.0
36.222	-240.9	-510.6
36.255	-196.4	-527.6
36.288	-141.7	-526.4
36.322	-85.43	-539.0
36.355	-24.54	-563.6
36.389	34.58	-544.7
36.422	106.8	-586.3
36.455	155.1	-552.7
36.489	202.3	-537.2
36.522	247.9	-533.7
36.555	254.1	-487.5
36.589	298.9	-514.7
36.622	280.8	-476.9
36.655	279.0	-478.5
36.689	266.2	-485.3
36.722	258.8	-520.8
36.755	223.0	-534.6
36.789	173.0	-539.4
36.822	120.9	-554.0
36.855	62.80	-572.9
36.889	-3.901	-571.3
36.922	-71.42	-594.6
36.956	-141.5	-595.2
36.989	-205.3	-579.4
37.022	-257.6	-561.2
37.056	-284.2	-535.6
37.089	-312.4	-526.3
37.122	-326.1	-522.7
37.156	-325.3	-522.4
37.189	-310.0	-526.9
37.222	-280.9	-534.1
37.256	-228.9	-515.8
37.289	-185.0	-530.8
37.322	-130.6	-531.2
37.356	-73.14	-540.9
37.389	-13.13	-544.8
37.422	53.88	-581.7
37.456	117.8	-582.7
37.489	172.7	-570.9
37.523	222.2	-559.2
37.556	260.1	-543.4
37.589	288.1	-529.7
37.623	292.8	-502.9
37.656	281.8	-478.0
37.689	277.7	-480.1
37.723	279.9	-510.7
37.756	239.7	-503.0
37.789	205.0	-518.6
37.823	171.1	-555.2
37.856	115.0	-566.7
37.889	55.96	-598.0
37.923	-13.30	-598.5
37.956	-83.97	-601.0
37.989	-151.9	-591.0
38.023	-212.1	-575.7
38.056	-261.5	-558.4
38.090	-284.2	-530.7
38.123	-313.1	-527.8
38.156	-322.9	-522.1
38.190	-319.9	-523.1
38.223	-302.9	-528.9
38.256	-256.3	-501.9
38.290	-219.1	-518.9
38.323	-173.0	-519.1
38.356	-119.9	-532.9
38.390	-62.04	-542.2
38.423	-1.914	-553.3
38.456	69.30	-600.7
38.490	129.0	-587.2
38.523	181.7	-569.8
38.556	230.1	-559.7
38.590	267.1	-544.6
38.623	286.8	-521.8
38.657	276.8	-480.8
38.690	281.2	-478.5
38.723	274.9	-482.6
38.757	258.1	-491.7
38.790	230.7	-505.2
38.823	192.2	-516.3
38.857	147.9	-534.6
38.890	109.8	-599.4
38.923	42.26	-605.7
38.957	-28.98	-609.3
38.990	-98.76	-602.6
39.023	-164.3	-586.8
39.057	-222.3	-571.3
39.090	-268.5	-555.3
39.124	-274.9	-504.8
39.157	-292.2	-489.2
39.190	-298.7	-485.2
39.224	-293.9	-487.0
39.257	-276.9	-494.9
39.290	-248.1	-501.5
39.324	-208.2	-519.0
39.357	-163.1	-534.7
39.390	-107.6	-535.0
39.424	-48.82	-543.5
39.457	10.39	-545.1
39.490	68.01	-541.4
39.524	122.8	-533.1
39.557	192.8	-568.4
39.590	237.0	-553.7
39.624	270.9	-538.0
39.657	292.9	-522.9
39.691	279.0	-479.6
39.724	279.9	-477.8
39.757	291.9	-508.8
39.791	281.8	-534.9
39.824	224.0	-506.6
39.857	184.9	-522.8
39.891	158.2	-588.5
39.924	96.13	-599.8
39.957	28.00	-604.0
39.991	-41.70	-602.9
40.024	-109.9	-595.7
40.057	-173.2	-584.2
40.091	-228.0	-567.0
40.124	-251.2	-528.5
40.157	-286.0	-525.9
40.191	-310.2	-525.6
40.224	-314.2	-521.7
40.258	-304.2	-520.5
40.291	-281.9	-527.1
40.324	-247.0	-535.0
40.358	-196.8	-509.8
40.391	-152.9	-539.4
40.424	-98.06	-554.3
40.458	-37.08	-569.8
40.491	24.83	-568.5
40.524	79.14	-540.8
40.558	147.0	-567.9
40.591	195.0	-552.1
40.624	244.8	-551.7
40.658	276.3	-536.6
40.691	297.9	-525.7
40.724	277.7	-479.1
40.758	278.2	-479.3
40.791	295.0	-522.6
40.825	279.0	-545.4
40.858	213.9	-508.8
40.891	173.0	-523.7
40.925	142.9	-588.4
40.958	67.06	-546.5
40.991	5.347	-549.6
41.025	-55.83	-570.2
41.058	-119.8	-580.2
41.091	-182.1	-577.3
41.125	-235.9	-564.8
41.158	-276.3	-549.3
41.191	-304.5	-533.3
41.225	-319.0	-522.9
41.258	-321.1	-520.6
41.291	-308.8	-524.9
41.325	-285.1	-533.6
41.358	-242.9	-532.9
41.392	-195.3	-532.3
41.425	-145.0	-548.4
41.458	-87.88	-537.2
41.492	-27.39	-574.1
41.525	30.97	-552.0
41.558	103.0	-592.3
41.592	161.1	-581.3
41.625	186.9	-521.8
41.658	236.7	-527.2
41.692	272.9	-523.8
41.725	270.7	-486.2
41.758	278.6	-482.0
41.792	277.0	-483.4
41.825	264.2	-490.3
41.858	239.9	-501.9
41.892	207.0	-516.5
41.925	163.7	-532.1
41.959	115.7	-552.1
41.992	65.81	-597.1
42.025	-1.866	-593.7
42.059	-67.82	-578.7
42.092	-132.3	-585.3
42.125	-187.9	-565.9
42.159	-243.4	-563.2
42.192	-280.0	-547.4
42.225	-305.9	-533.7
42.259	-318.1	-525.4
42.292	-317.9	-525.7
42.325	-304.2	-531.5
42.359	-276.1	-538.9
42.392	-232.0	-533.1
42.425	-184.1	-534.0
42.459	-132.0	-534.2
42.492	-76.07	-549.1
42.526	-14.23	-586.5
42.559	45.87	-567.8
42.592	112.0	-584.1
42.626	168.9	-574.7
42.659	217.0	-561.6
42.692	253.1	-541.4
42.726	273.7	-518.0
42.759	268.9	-479.9
42.792	278.7	-483.0
42.826	274.2	-485.3
42.859	257.9	-492.9
42.892	232.9	-505.8
42.926	209.2	-541.3
42.959	153.0	-534.3
42.992	99.01	-543.3
43.026	47.07	-577.4
43.059	-17.05	-586.6
43.093	-81.05	-582.5
43.126	-141.2	-568.3
43.159	-193.2	-550.3
43.193	-250.0	-560.3
43.226	-284.8	-544.3
43.259	-306.2	-530.7
43.293	-314.1	-522.9
43.326	-311.0	-524.8
43.359	-294.8	-532.1
43.393	-263.0	-536.7
43.426	-214.9	-519.8
43.459	-170.8	-531.1
43.493	-118.9	-533.1
43.526	-64.16	-567.5
43.559	-5.831	-551.5
43.593	63.10	-591.3
43.626	123.1	-582.7
43.660	176.0	-570.5
43.693	223.9	-558.8
43.726	230.3	-496.8
43.760	277.1	-517.5
43.793	271.7	-485.2
43.826	275.9	-483.5
43.860	269.9	-488.4
43.893	250.0	-493.7
43.926	222.1	-506.4
43.960	193.9	-537.8
43.993	141.9	-541.9
44.026	87.98	-552.4
44.060	27.99	-557.1
44.093	-32.02	-566.7
44.127	-94.37	-577.3
44.160	-157.8	-588.5
44.193	-212.4	-572.9
44.227	-256.9	-556.4
44.260	-288.2	-541.5
44.293	-278.2	-492.4
44.327	-298.1	-518.7
44.360	-278.1	-490.9
44.393	-261.9	-498.9
44.427	-237.2	-509.7
44.460	-203.0	-522.3
44.493	-157.2	-532.0
44.527	-105.1	-536.3
44.560	-48.99	-543.2
44.593	14.52	-600.4
44.627	79.03	-600.1
44.660	137.1	-584.7
44.694	187.2	-567.7
44.727	233.0	-556.1
44.760	268.0	-542.5
44.794	280.7	-515.0
44.827	269.9	-477.9
44.860	272.0	-478.7
44.894	283.1	-510.5
44.927	277.1	-544.5
44.960	245.9	-561.7
44.994	178.0	-527.5
45.027	130.9	-540.8
45.060	87.99	-596.3
45.094	18.79	-574.0
45.127	-43.92	-593.4
45.160	-108.1	-595.2
45.194	-167.9	-581.8
45.227	-221.8	-570.2
45.261	-262.5	-553.4
45.294	-289.8	-539.5
45.327	-303.8	-526.9
45.361	-308.0	-525.7
45.394	-297.7	-528.9
45.427	-276.9	-537.8
45.461	-243.8	-548.1
45.494	-196.0	-547.5
45.527	-148.2	-563.1
45.561	-92.28	-570.1
45.594	-35.65	-548.4
45.627	29.21	-600.5
45.661	90.04	-592.6
45.694	143.3	-568.3
45.727	192.2	-556.5
45.761	234.0	-542.8
45.794	264.8	-529.0
45.828	298.1	-536.5
45.861	273.8	-485.8
45.894	272.8	-485.9
45.928	261.1	-492.4
45.961	238.9	-502.9
45.994	207.1	-516.4
46.028	166.9	-533.8
46.061	133.1	-588.2
46.094	72.93	-604.7
46.128	6.890	-608.4
46.161	-59.19	-605.4
46.194	-124.2	-597.3
46.228	-181.0	-582.7
46.261	-231.6	-566.3
46.294	-267.3	-550.4
46.328	-291.0	-535.8
46.361	-304.0	-529.4
46.395	-304.9	-529.4
46.428	-292.7	-535.1
46.461	-267.1	-539.7
46.495	-229.1	-543.9
46.528	-176.7	-516.2
46.561	-131.8	-548.6
46.595	-77.56	-550.5
46.628	-20.95	-545.7
46.661	35.28	-544.7
46.695	106.0	-594.9
46.728	162.0	-584.7
46.761	205.9	-560.7
46.795	247.9	-550.6
46.828	267.9	-522.7
46.861	266.7	-489.1
46.895	274.1	-485.6
46.928	270.2	-487.4
46.962	256.0	-494.7
46.995	230.9	-504.8
47.028	221.9	-565.9
47.062	174.0	-579.0
47.095	119.6	-596.0
47.128	56.98	-604.6
47.162	-14.02	-557.0
47.195	-73.49	-553.5
47.228	-132.9	-574.8
47.262	-189.0	-572.1
47.295	-236.9	-561.1
47.328	-270.9	-545.9
47.362	-293.0	-535.6
47.395	-302.9	-530.8
47.428	-301.1	-531.4
47.462	-285.0	-535.2
47.495	-255.8	-541.0
47.529	-213.2	-534.9
47.562	-173.0	-562.7
47.595	-116.7	-533.1
47.629	-63.00	-541.6
47.662	-0.931	-601.6
47.695	59.11	-586.8
47.729	119.2	-586.5
47.762	169.0	-568.8
47.795	220.9	-568.8
47.829	250.8	-542.0
47.862	271.0	-520.6
47.895	267.9	-488.8
47.929	272.1	-486.6
47.962	265.6	-490.1
47.995	271.1	-529.5
48.029	219.0	-504.6
48.062	183.2	-520.4
48.096	142.8	-543.0
48.129	101.0	-589.3
48.162	33.08	-573.2
48.196	-30.45	-557.9
48.229	-90.16	-582.2
48.262	-145.8	-563.8
48.296	-201.8	-573.2
48.329	-245.9	-559.3
48.362	-276.0	-545.1
48.396	-294.1	-532.8
48.429	-299.9	-527.1
48.462	-296.0	-530.5
48.496	-278.0	-536.8
48.529	-249.0	-547.0
48.563	-200.1	-531.0
48.596	-155.8	-547.0
48.629	-103.8	-547.2
48.663	-48.67	-543.3
48.696	7.709	-553.8
48.729	76.99	-602.3
48.763	134.8	-589.2
48.796	183.0	-570.3
48.829	229.1	-563.3
48.863	263.0	-548.5
48.896	267.1	-507.4
48.929	269.0	-489.4
48.963	270.1	-488.5
48.996	261.1	-493.4
49.029	241.8	-503.8
49.063	211.1	-514.5
49.096	173.7	-533.0
49.130	124.2	-539.2
49.163	70.00	-547.9
49.196	16.85	-581.5
49.230	-45.27	-567.6
49.263	-103.2	-562.5
49.296	-153.1	-535.1
49.330	-201.1	-535.6
49.363	-252.9	-555.9
49.396	-279.9	-541.0
49.430	-295.8	-534.0
49.463	-298.1	-527.4
49.496	-291.8	-534.1
49.530	-272.2	-541.5
49.563	-239.8	-550.9
49.596	-188.0	-530.3
49.630	-140.5	-526.2
49.663	-89.07	-537.2
49.697	-33.33	-568.6
49.730	27.28	-574.8
49.763	90.91	-589.9
49.797	141.8	-568.0
49.830	195.9	-571.0
49.863	237.8	-557.9
49.897	267.9	-543.0
49.930	259.9	-492.7
49.963	269.3	-488.4
49.997	267.0	-488.7
50.030	253.8	-492.9
50.063	233.9	-506.7
50.097	202.1	-519.3
50.130	161.1	-534.5
50.163	112.9	-549.5
50.197	61.13	-571.3
50.230	0.956	-576.7
50.264	-59.16	-579.1
50.297	-115.0	-551.0
50.330	-167.0	-551.0
50.364	-221.9	-567.0
50.397	-258.2	-551.3
50.430	-283.0	-539.8
50.464	-296.7	-534.7
50.497	-298.0	-533.9
50.530	-285.8	-534.2
50.564	-264.0	-544.8
50.597	-230.0	-553.7
50.630	-178.3	-540.2
50.664	-128.2	-529.2
50.697	-75.73	-541.0
50.730	-20.42	-549.2
50.764	46.03	-601.0
50.797	102.8	-581.2
50.831	153.0	-561.3
50.864	207.0	-567.9
50.897	234.9	-535.8
50.931	241.0	-492.9
50.964	282.1	-520.3
50.997	267.6	-490.2
51.031	263.9	-492.5
51.064	247.9	-497.8
51.097	223.1	-508.6
51.131	189.0	-523.4
51.164	147.1	-536.3
51.197	96.93	-548.7
51.231	40.94	-555.4
51.264	-13.29	-591.9
51.297	-73.26	-582.6
51.331	-133.1	-585.8
51.364	-185.2	-574.2
51.398	-231.1	-563.3
51.431	-264.8	-550.5
51.464	-285.9	-538.0
51.498	-296.1	-533.4
51.531	-294.1	-533.9
51.564	-280.1	-538.9
51.598	-254.8	-550.2
51.631	-205.8	-526.2
51.664	-167.1	-550.4
51.698	-117.1	-560.2
51.731	-61.71	-550.1
51.764	-6.713	-549.1
51.798	49.28	-544.5
51.831	112.0	-569.0
51.864	172.9	-582.8
51.898	218.1	-569.6
51.931	253.7	-556.0
51.965	267.9	-525.8
51.998	280.9	-517.9
52.031	285.1	-517.5
52.065	277.1	-520.4
52.098	258.0	-528.6
52.131	221.0	-526.7
52.165	198.9	-572.7
52.198	150.9	-587.0
52.231	81.87	-550.8
52.265	32.01	-588.3
52.298	-30.13	-579.4
52.331	-88.14	-572.8
52.365	-143.0	-564.0
52.398	-189.7	-548.2
52.431	-241.9	-559.8
52.465	-271.9	-547.0
52.498	-289.0	-536.8
52.532	-295.0	-532.0
52.565	-289.8	-534.2
52.598	-273.2	-540.5
52.632	-243.1	-549.7
52.665	-202.9	-558.0
52.698	-152.1	-546.1
52.732	-101.2	-545.9
52.765	-46.98	-551.0
52.798	15.04	-599.8
52.832	74.13	-588.9
52.865	130.7	-581.2
52.898	179.7	-569.2
52.932	221.9	-554.8
52.965	252.0	-538.6
52.999	281.0	-539.6
53.032	261.9	-491.7
53.065	262.4	-491.2
53.099	252.2	-496.3
53.132	232.0	-505.6
53.165	203.0	-518.5
53.199	172.0	-546.5
53.232	121.8	-553.0
53.265	65.91	-549.6
53.299	12.22	-570.5
53.332	-46.22	-583.3
53.365	-104.1	-572.3
53.399	-158.0	-566.0
53.432	-202.1	-547.5
53.465	-251.1	-556.8
53.499	-277.1	-542.7
53.532	-292.7	-537.7
53.566	-296.1	-535.6
53.599	-287.2	-538.2
53.632	-268.2	-549.4
53.666	-238.0	-562.4
53.699	-178.5	-515.1
53.732	-134.2	-528.9
53.766	-86.21	-564.6
53.799	-31.69	-553.1
53.832	31.82	-602.0
53.866	87.79	-580.0
53.899	137.2	-558.2
53.932	187.0	-557.5
53.966	224.9	-543.9
53.999	251.1	-526.4
54.032	253.9	-496.7
54.066	261.1	-492.4
54.099	258.6	-494.1
54.133	260.0	-518.6
54.166	221.8	-505.9
54.199	190.9	-519.9
54.233	174.0	-585.4
54.266	119.0	-588.0
54.299	50.92	-552.0
54.333	-3.145	-575.7
54.366	-61.90	-594.1
54.399	-120.1	-583.0
54.433	-176.2	-577.4
54.466	-223.1	-567.8
54.499	-259.0	-554.3
54.533	-281.0	-540.8
54.566	-293.0	-536.7
54.599	-292.9	-537.0
54.633	-281.0	-542.5
54.666	-255.2	-548.6
54.700	-216.1	-551.6
54.733	-165.9	-531.2
54.766	-118.7	-534.3
54.800	-67.90	-559.7
54.833	-11.55	-584.9
54.866	47.20	-582.3
54.900	100.9	-569.1
54.933	158.9	-576.9
54.966	205.1	-567.6
55.000	241.1	-555.4
55.033	266.9	-542.7
55.066	275.0	-523.6
55.100	279.9	-521.0
55.133	273.7	-523.1
55.166	253.1	-522.5
55.200	214.0	-512.5
55.233	190.0	-544.5
55.267	146.1	-555.4
55.300	102.0	-589.4
55.333	42.83	-590.2
55.367	-18.86	-593.1
55.400	-78.94	-583.9
55.433	-135.3	-574.4
55.467	-181.0	-547.8
55.500	-233.2	-561.5
55.533	-265.0	-549.0
55.567	-284.9	-540.9
55.600	-293.1	-535.7
55.633	-288.8	-537.2
55.667	-274.0	-544.5
55.700	-245.9	-554.9
55.733	-192.0	-511.1
55.767	-150.8	-525.3
55.800	-103.9	-546.7
55.834	-50.25	-563.5
55.867	3.473	-545.0
55.900	57.66	-545.1
55.934	107.8	-537.8
55.967	175.1	-580.8
56.000	214.8	-561.9
56.034	237.7	-533.1
56.067	260.8	-523.9
56.100	286.0	-537.6
56.134	258.8	-495.0
56.167	251.0	-498.4
56.200	232.0	-506.6
56.234	204.9	-517.9
56.267	169.9	-533.9
56.300	123.9	-540.9
56.334	73.83	-550.6
56.367	25.98	-597.3
56.401	-36.22	-597.4
56.434	-97.97	-598.2
56.467	-153.8	-586.5
56.501	-202.8	-575.0
56.534	-243.6	-561.8
56.567	-272.7	-549.5
56.601	-289.0	-541.0
56.634	-294.1	-538.6
56.667	-286.2	-539.5
56.701	-268.1	-550.3
56.734	-234.3	-555.4
56.767	-184.9	-540.8
56.801	-141.0	-562.9
56.834	-87.22	-546.3
56.867	-33.78	-547.9
56.901	27.13	-589.2
56.934	86.88	-594.4
56.968	139.9	-584.1
57.001	178.1	-555.7
57.034	224.2	-558.4
57.068	253.9	-548.0
57.101	245.9	-496.7
57.134	254.8	-493.9
57.168	253.7	-495.0
57.201	272.0	-544.7
57.234	221.9	-509.7
57.268	190.8	-521.1
57.301	154.9	-536.8
57.334	107.1	-545.3
57.368	54.96	-553.8
57.401	-1.099	-557.8
57.434	-56.85	-557.0
57.468	-114.8	-588.1
57.501	-168.9	-582.7
57.535	-217.0	-572.0
57.568	-253.7	-558.3
57.601	-278.6	-547.4
57.635	-292.0	-540.8
57.668	-292.9	-540.0
57.701	-283.1	-545.4
57.735	-259.9	-554.1
57.768	-220.8	-555.2
57.801	-170.8	-535.0
57.835	-125.2	-548.7
57.868	-72.17	-549.2
57.901	-18.10	-544.7
57.935	41.95	-577.0
57.968	94.95	-565.0
58.002	154.1	-581.8
58.035	198.1	-570.5
58.068	233.9	-558.8
58.102	261.9	-550.9
58.135	268.1	-526.6
58.168	279.9	-534.7
58.202	276.0	-537.5
58.235	260.8	-545.8
58.268	224.8	-538.0
