	mass A		
t	x	y	
0.000	463.6	-297.8
0.033	467.0	-294.2
0.067	455.6	-308.8
0.100	428.8	-340.8
0.133	385.0	-385.2
0.167		
0.200	257.5	-472.8
0.233		
0.267	59.79	-539.2
0.300	-44.53	-541.9
0.334	-141.8	-526.2
0.367	-225.6	-496.3
0.400	-293.8	-457.1
0.434	-344.4	-418.3
0.467	-380.7	-382.7
0.500	-401.1	-356.0
0.534	-412.1	-342.4
0.567	-412.5	-342.4
0.600	-402.1	-356.2
0.634	-381.2	-382.4
0.667	-347.0	-417.1
0.700	-298.0	-456.5
0.734	-233.3	-494.5
0.767	-150.4	-526.4
0.800	-58.03	-543.6
0.834	42.00	-546.5
0.867	141.0	-528.8
0.901	231.8	-496.1
0.934	356.0	-506.7
0.967	366.2	-412.5
1.001	457.2	-402.7
1.034	494.0	-381.0
1.067	516.9	-365.0
1.101	519.4	-362.3
1.134	498.5	-371.6
1.167	463.2	-393.8
1.201	467.7	-417.9
1.234	374.7	-493.5
1.267	277.8	-533.2
1.301	158.8	-531.8
1.334	59.89	-572.9
1.367	-47.22	-572.9
1.401	-146.1	-551.9
1.434	-225.4	-504.1
1.468	-293.3	-462.4
1.501	-373.0	-453.5
1.534	-411.0	-414.4
1.568	-436.2	-386.2
1.601	-417.6	-349.0
1.634	-415.4	-349.0
1.668	-404.5	-362.9
1.701	-383.2	-389.1
1.734	-347.4	-424.4
1.768	-300.1	-468.4
1.801	-235.4	-512.7
1.834	-148.2	-544.1
1.868	-53.04	-562.9
1.901	50.87	-566.3
1.934	148.9	-536.0
1.968	271.3	-552.5
2.001	358.3	-506.8
2.035	420.6	-461.1
2.068	448.0	-399.3
2.101	481.9	-382.9
2.135	501.7	-369.1
2.168	500.7	-368.2
2.201	471.0	-374.0
2.235	457.1	-409.4
2.268	370.8	-406.8
2.301	342.4	-482.5
2.335	238.9	-497.0
2.368	145.9	-528.3
2.401	47.65	-558.7
2.435	-55.02	-580.1
2.468	-151.9	-542.8
2.501	-242.3	-514.0
2.535	-322.3	-494.0
2.568	-383.5	-460.9
2.602	-413.3	-417.2
2.635	-430.1	-385.3
2.668	-422.6	-354.8
2.702	-451.2	-386.2
2.735	-441.2	-407.3
2.768	-379.8	-402.6
2.802	-332.9	-431.7
2.835	-318.4	-520.3
2.868	-212.1	-505.4
2.902	-129.8	-539.6
2.935	-40.21	-566.9
2.968	60.45	-565.5
3.002	169.8	-586.3
3.035	265.7	-538.4
3.068	354.6	-503.6
3.102	376.5	-414.1
3.135	442.1	-401.8
3.169	473.4	-375.4
3.202	518.5	-364.5
3.235	517.9	-364.1
3.269	478.4	-386.7
3.302	430.9	-397.1
3.335	370.8	-428.3
3.369	310.5	-472.7
3.402	239.3	-520.7
3.435	146.7	-557.0
3.469	43.64	-573.6
3.502	-61.08	-557.9
3.535	-158.4	-542.8
3.569	-243.3	-509.2
3.602	-314.0	-475.1
3.636	-386.6	-449.8
3.669	-430.2	-419.2
3.702	-458.8	-397.2
3.736	-454.1	-376.4
3.769	-433.3	-367.2
3.802	-431.3	-395.2
3.836	-408.3	-432.1
3.869	-348.1	-455.3
3.902	-283.5	-479.1
3.936	-232.4	-561.0
3.969	-133.5	-587.1
4.002	-33.19	-603.5
4.036	72.88	-594.8
4.069	168.9	-549.3
4.102	263.8	-524.2
4.136	337.0	-474.0
4.169	385.4	-425.7
4.203	429.5	-396.7
4.236	502.5	-366.6
4.269	488.8	-330.2
4.303	486.4	-334.4
4.336	467.5	-351.5
4.369	419.8	-410.2
4.403	380.4	-458.6
4.436	295.5	-480.5
4.469	223.7	-529.3
4.503	140.0	-587.9
4.536	29.97	-586.1
4.569	-76.32	-569.1
4.603	-178.5	-553.8
4.636	-282.3	-544.6
4.669	-334.0	-469.4
4.703	-406.6	-452.8
4.736	-448.3	-423.3
4.770	-441.9	-373.6
4.803	-458.7	-372.7
4.836	-449.5	-374.0
4.870	-452.6	-413.8
4.903	-409.1	-435.3
4.936	-373.1	-490.5
4.970	-307.4	-535.9
5.003	-213.2	-557.3
5.036	-113.2	-554.3
5.070	-16.95	-581.6
5.103	81.73	-560.3
5.136	170.9	-522.9
5.170	269.5	-522.5
5.203	353.6	-498.6
5.236	401.7	-446.3
5.270	423.0	-401.1
5.303	492.6	-377.3
5.337	500.5	-366.4
5.370	496.0	-370.0
5.403	465.4	-378.7
5.437	416.0	-444.8
5.470	367.4	-485.5
5.503	299.1	-513.1
5.537	199.9	-507.8
5.570	112.9	-540.4
5.603	13.58	-551.7
5.637	-97.36	-597.1
5.670	-203.3	-575.5
5.703	-294.3	-538.2
5.737	-335.2	-462.2
5.770	-406.1	-437.3
5.803	-458.8	-417.1
5.837	-447.8	-365.6
5.870	-453.3	-355.1
5.904	-452.0	-367.4
5.937	-428.4	-387.0
5.970	-385.2	-411.3
6.004	-370.2	-503.4
6.037	-297.3	-546.0
6.070	-186.7	-522.9
6.104	-94.17	-558.7
6.137	4.591	-578.2
6.170	106.8	-580.9
6.204	189.8	-533.9
6.237	269.9	-502.2
6.270	337.0	-469.7
6.304	382.5	-430.5
6.337	412.6	-399.5
6.370	458.9	-361.9
6.404	458.5	-348.3
6.437	473.5	-376.5
6.471	387.0	-380.1
6.504	367.1	-422.8
6.537	345.8	-493.5
6.571	275.0	-514.9
6.604	179.8	-520.5
6.637	91.52	-554.6
6.671	-9.627	-572.8
6.704	-114.5	-563.2
6.737	-216.4	-549.9
6.771	-287.8	-486.5
6.804	-363.2	-461.0
6.837	-397.8	-397.5
6.871	-431.5	-365.6
6.904	-452.4	-349.0
6.937	-456.7	-345.6
6.971	-447.6	-355.9
7.004	-422.5	-380.5
7.038	-385.0	-418.3
7.071	-326.6	-459.0
7.104	-281.0	-548.5
7.138	-173.2	-553.8
7.171	-72.95	-570.1
7.204	27.81	-580.8
7.238	125.1	-568.8
7.271	218.8	-565.3
7.304	294.8	-527.1
7.338	345.8	-475.1
7.371	370.0	-419.9
7.404	412.5	-410.4
7.438	454.7	-376.3
7.471	454.7	-369.2
7.504	454.9	-393.2
7.538	428.5	-422.3
7.571	362.0	-417.8
7.605	316.9	-458.1
7.638	262.1	-506.2
7.671	183.9	-534.3
7.705	93.11	-541.5
7.738	-1.221	-554.1
7.771	-113.1	-599.6
7.805	-201.4	-552.8
7.838	-283.2	-527.4
7.871	-373.2	-506.8
7.905	-383.2	-437.2
7.938	-450.9	-438.5
7.971	-417.1	-386.2
8.005	-458.7	-408.7
8.038	-433.3	-405.2
8.071	-402.5	-424.0
8.105	-348.4	-445.1
8.138	-296.3	-479.9
8.172	-246.4	-555.0
8.205	-148.3	-565.1
8.238	-57.17	-606.9
8.272	45.34	-608.9
8.305	139.8	-577.7
8.338	225.4	-565.8
8.372	298.8	-529.4
8.405	326.1	-438.6
8.438	396.6	-446.3
8.472	427.0	-419.7
8.505	408.9	-406.1
8.538	398.8	-389.2
8.572	377.9	-391.0
8.605	398.3	-446.9
8.638	353.7	-460.2
8.672	282.1	-469.8
8.705	235.7	-544.0
8.739	156.7	-585.0
8.772	57.52	-600.7
8.805	-43.18	-603.3
8.839	-148.0	-594.5
8.872	-245.6	-569.5
8.905	-325.6	-535.1
8.939	-391.1	-485.3
8.972	-424.0	-431.4
9.005	-458.7	-405.4
9.039	-448.1	-369.3
9.072	-440.2	-368.2
9.105	-430.2	-397.3
9.139	-415.8	-445.6
9.172	-335.2	-447.2
9.205	-270.8	-484.6
9.239	-197.3	-515.7
9.272	-129.0	-590.3
9.306	-26.08	-569.1
9.339	68.17	-571.1
9.372	154.8	-562.9
9.406	221.1	-514.1
9.439	270.9	-471.0
9.472	322.9	-452.2
9.506	355.0	-423.8
9.539	395.7	-404.3
9.572	405.0	-396.0
9.606	403.9	-401.1
9.639	383.1	-433.9
9.672	333.0	-429.1
9.706	319.8	-490.2
9.739	241.9	-492.0
9.772	177.6	-527.5
9.806	100.8	-563.6
9.839	9.924	-591.1
9.873	-86.85	-556.5
9.906	-194.9	-589.9
9.939	-292.9	-556.5
9.973	-366.1	-511.7
10.006	-417.3	-462.1
10.039	-453.8	-423.6
10.073	-455.5	-378.9
10.106	-458.9	-370.3
10.139	-447.1	-375.3
10.173	-416.6	-392.3
10.206	-375.6	-424.2
10.239	-357.3	-515.5
10.273	-274.1	-540.4
10.306	-179.9	-546.6
10.340	-88.20	-545.1
10.373	4.487	-566.4
10.406	90.86	-545.3
10.440	176.8	-539.4
10.473	257.1	-525.0
10.506	322.9	-505.8
10.540	363.0	-474.0
10.573	367.8	-426.1
10.606	376.8	-386.2
10.640	380.7	-382.1
10.673	373.8	-389.1
10.706	358.6	-404.0
10.740	354.8	-480.1
10.773	277.8	-471.2
10.806	241.6	-541.6
10.840	147.8	-533.1
10.873	64.95	-551.0
10.907	-24.87	-596.8
10.940	-126.2	-591.8
10.973	-230.8	-579.3
11.007	-279.3	-484.5
11.040	-376.9	-490.5
11.073	-448.3	-465.7
11.107	-438.4	-390.0
11.140	-458.6	-377.9
11.173	-458.0	-378.4
11.207	-456.2	-408.2
11.240	-419.9	-434.6
11.273	-395.4	-500.9
11.307	-329.5	-539.9
11.340	-243.1	-570.2
11.373	-134.5	-539.8
11.407	-47.00	-553.1
11.440	41.85	-557.5
11.474	128.8	-556.0
11.507	202.8	-528.2
11.540	282.0	-524.8
11.574	333.6	-493.3
11.607	335.9	-429.1
11.640	383.6	-414.4
11.674	396.3	-407.7
11.707	396.0	-408.8
11.740	377.7	-409.3
11.774	369.0	-449.2
11.807	312.7	-479.5
11.840	254.1	-496.8
11.874	193.7	-529.3
11.907	116.5	-537.5
11.940	32.18	-607.8
11.974	-69.79	-606.4
12.007	-175.2	-593.9
12.041	-228.3	-504.9
12.074	-341.8	-529.7
12.107	-378.3	-450.2
12.141	-423.1	-417.3
12.174	-451.7	-393.8
12.207	-458.7	-383.6
12.241	-435.3	-377.2
12.274	-423.8	-409.5
12.307	-379.1	-437.4
12.341	-313.7	-459.7
12.374	-290.1	-556.0
12.407	-180.2	-525.7
12.441	-95.20	-548.2
12.474	-8.841	-565.0
12.507	76.58	-554.7
12.541	169.8	-570.3
12.574	240.8	-538.0
12.608	300.6	-509.5
12.641	340.8	-475.6
12.674	358.4	-438.7
12.708	371.5	-399.6
12.741	374.4	-391.6
12.774	369.9	-396.1
12.808	375.7	-453.5
12.841	345.1	-469.8
12.874	302.5	-502.6
12.908	234.0	-517.8
12.941	171.9	-574.1
12.974	81.85	-583.7
13.008	-16.19	-560.5
13.041	-111.2	-562.6
13.074	-214.1	-566.3
13.108	-309.1	-547.7
13.141	-362.3	-484.1
13.175	-440.0	-471.4
13.208	-434.9	-399.6
13.241	-449.9	-380.5
13.275	-452.2	-380.1
13.308	-434.0	-390.5
13.341	-408.5	-423.9
13.375	-360.4	-460.0
13.408	-294.1	-496.6
13.441	-245.3	-567.0
13.475	-141.3	-554.0
13.508	-52.00	-555.1
13.541	34.54	-559.1
13.575	117.0	-551.1
13.608	194.1	-539.8
13.641	260.6	-516.6
13.675	321.7	-500.3
13.708	357.7	-472.2
13.742	363.5	-434.6
13.775	386.1	-410.8
13.808	387.0	-410.9
13.842	372.9	-414.0
13.875	364.5	-448.6
13.908	328.7	-497.0
13.942	251.9	-487.9
13.975	192.9	-523.9
14.008	116.8	-540.2
14.042	32.04	-569.8
14.075	-59.01	-545.7
14.108	-165.2	-577.1
14.142	-234.2	-510.5
14.175	-333.4	-514.0
14.208	-413.6	-491.8
14.242	-449.9	-449.5
14.275	-429.1	-383.3
14.309	-439.1	-375.3
14.342	-432.3	-381.2
14.375	-438.9	-429.5
14.409	-383.2	-444.2
14.442	-328.5	-481.8
14.475	-248.3	-498.2
14.509	-189.2	-564.1
14.542	-97.91	-589.2
14.575	-3.760	-611.9
14.609	87.18	-603.1
14.642	168.6	-582.1
14.675	241.9	-551.9
14.709	300.5	-519.2
14.742	343.4	-488.1
14.775	370.9	-462.3
14.809	365.7	-396.6
14.842	371.7	-390.8
14.876	367.7	-395.5
14.909	374.7	-459.3
14.942	349.8	-483.3
14.976	302.0	-500.8
15.009	248.5	-545.7
15.042	172.7	-579.4
15.076	82.19	-588.8
15.109	-18.02	-548.7
15.142	-116.2	-594.0
15.176	-216.4	-583.8
15.209	-298.2	-553.1
15.242	-351.3	-492.1
15.276	-407.4	-461.2
15.309	-434.4	-422.0
15.342	-429.2	-380.3
15.376	-430.4	-378.9
15.409	-448.4	-432.0
15.443	-413.7	-458.8
15.476	-373.1	-505.4
15.509	-307.6	-542.9
15.543	-232.3	-575.4
15.576	-139.0	-596.3
15.609	-43.17	-586.6
15.643	42.31	-546.6
15.676	134.0	-573.2
15.709	208.9	-544.8
15.743	256.8	-492.3
15.776	292.7	-457.2
15.809	330.3	-434.9
15.843	356.7	-423.4
15.876	387.8	-432.3
15.909	387.9	-431.2
15.943	353.0	-417.1
15.976	326.7	-431.1
16.010	291.3	-456.3
16.043	263.1	-501.9
16.076	190.0	-513.9
16.110	115.8	-541.2
16.143	34.51	-604.8
16.176	-64.10	-593.6
16.210	-166.5	-594.9
16.243	-252.4	-567.5
16.276	-321.0	-522.4
16.310	-373.2	-489.1
16.343	-424.3	-471.0
16.376	-400.3	-411.2
16.410	-436.5	-430.0
16.443	-400.8	-410.5
16.476	-430.2	-473.0
16.510	-372.4	-481.0
16.543	-292.1	-477.3
16.577	-229.9	-505.7
16.610	-178.4	-590.2
16.643	-80.45	-583.1
16.677	12.22	-561.5
16.710	95.57	-541.1
16.743	170.9	-525.1
16.777	236.8	-497.0
16.810	292.8	-473.5
16.843	356.9	-473.1
16.877	391.8	-449.1
16.910	411.7	-431.2
16.943	368.1	-393.0
16.977	363.9	-398.8
17.010	346.5	-413.6
17.043	336.5	-465.6
17.077	289.8	-477.2
17.110	228.7	-497.7
17.144	158.9	-533.9
17.177	78.50	-585.0
17.210	-16.05	-602.6
17.244	-119.7	-604.0
17.277	-213.6	-583.9
17.310	-270.3	-520.2
17.344	-359.4	-513.0
17.377	-369.7	-451.9
17.410	-402.9	-434.6
17.444	-394.9	-407.4
17.477	-394.5	-407.0
17.510	-417.9	-449.5
17.544	-359.1	-444.3
17.577	-313.5	-467.7
17.611	-254.7	-494.0
17.644	-188.1	-521.7
17.677	-108.2	-538.4
17.711	-27.34	-579.7
17.744	60.27	-564.2
17.777	140.7	-544.6
17.811	212.9	-521.1
17.844	282.9	-507.9
17.877	316.7	-465.4
17.911	366.8	-459.2
17.944	397.6	-449.7
17.977	408.0	-438.1
18.011	406.9	-438.2
18.044	396.8	-450.2
18.077	359.1	-458.9
18.111	304.1	-467.8
18.144	240.7	-487.7
18.178	176.1	-515.6
18.211	104.8	-536.9
18.244	22.34	-585.1
18.278	-75.13	-601.9
18.311	-173.9	-592.9
18.344	-236.6	-540.8
18.378	-301.0	-495.1
18.411	-381.5	-490.0
18.444	-422.4	-460.0
18.478	-430.1	-425.3
18.511	-433.3	-417.1
18.544	-423.1	-425.4
18.578	-414.1	-467.4
18.611	-347.1	-462.4
18.644	-323.2	-534.6
18.678	-252.2	-565.5
18.711	-166.4	-583.2
18.745	-73.20	-544.9
18.778	9.843	-551.6
18.811	89.98	-539.7
18.845	165.7	-524.9
18.878	229.7	-499.9
18.911	279.7	-471.3
18.945	353.9	-484.9
18.978	357.3	-435.6
19.011	419.5	-430.6
19.045	417.9	-435.8
19.078	411.3	-442.8
19.111	385.7	-450.8
19.145	337.5	-465.5
19.178	290.1	-494.1
19.211	235.5	-543.6
19.245	155.8	-562.3
19.278	71.70	-596.0
19.312	-22.17	-562.4
19.345	-120.1	-601.2
19.378	-211.8	-580.1
19.412	-286.3	-547.1
19.445	-332.7	-486.4
19.478	-352.0	-433.3
19.512	-402.2	-450.2
19.545	-415.3	-443.0
19.578	-411.4	-445.0
19.612	-381.4	-439.9
19.645	-360.4	-477.0
19.678	-326.8	-529.4
19.712	-268.4	-558.6
19.745	-183.1	-547.1
19.778	-99.79	-555.5
19.812	-14.12	-585.2
19.845	70.54	-557.0
19.879	150.6	-540.5
19.912	238.8	-556.4
19.945	277.8	-488.9
19.979	320.6	-459.9
20.012	380.7	-445.1
20.045	397.9	-419.0
20.079	406.6	-420.5
20.112	417.2	-435.8
20.145	365.0	-408.4
20.179	322.8	-443.9
20.212	314.8	-508.7
20.245	252.9	-541.0
20.279	169.9	-547.3
20.312	91.93	-578.9
20.345	-3.286	-549.4
20.379	-93.50	-588.7
20.412	-187.3	-581.0
20.446	-273.3	-558.8
20.479	-328.1	-512.5
20.512	-390.9	-494.5
20.546	-425.7	-469.0
20.579	-435.2	-445.3
20.612	-441.5	-447.8
20.646	-396.2	-418.3
20.679	-374.5	-445.8
20.712	-333.1	-476.6
20.746	-302.2	-543.9
20.779	-222.4	-552.8
20.812	-137.3	-550.7
20.846	-54.89	-599.4
20.879	25.90	-553.4
20.912	103.7	-539.9
20.946	186.0	-538.8
20.979	255.9	-518.3
21.013	288.4	-466.2
21.046	325.7	-441.1
21.079	393.0	-463.9
21.113	427.2	-430.8
21.146	428.4	-429.6
21.179	379.9	-406.0
21.213	359.1	-431.9
21.246	337.8	-483.6
21.279	275.5	-528.4
21.313	207.0	-556.9
21.346	114.8	-550.2
21.379	31.84	-573.1
21.413	-59.08	-570.2
21.446	-150.1	-574.3
21.479	-224.1	-527.6
21.513	-292.1	-507.3
21.546	-369.1	-506.1
21.580	-364.4	-425.3
21.613	-387.3	-409.1
21.646	-395.2	-404.3
21.680	-387.0	-408.5
21.713	-386.1	-451.4
21.746	-348.4	-477.0
21.780	-300.1	-511.3
21.813	-253.3	-563.0
21.846	-159.1	-527.0
21.880	-81.56	-543.4
21.913	-1.163	-556.0
21.946	78.65	-541.2
21.980	164.7	-557.6
22.013	245.0	-551.8
22.046	301.7	-519.4
22.080	338.9	-481.4
22.113	373.8	-461.5
22.147	391.1	-444.8
22.180	405.9	-450.2
22.213	387.7	-443.2
22.247	347.4	-437.6
22.280	349.0	-502.2
22.313	302.1	-531.8
22.347	238.7	-562.6
22.380	160.2	-585.7
22.413	70.14	-600.9
22.447	-25.85	-580.7
22.480	-118.2	-584.0
22.513	-196.9	-547.7
22.547	-254.0	-502.5
22.580	-321.8	-493.7
22.613	-387.6	-489.9
22.647	-415.9	-468.0
22.680	-429.1	-456.9
22.714	-427.0	-458.0
22.747	-396.8	-457.7
22.780	-345.2	-453.2
22.814	-300.2	-477.2
22.847	-240.2	-494.7
22.880	-175.0	-523.9
22.914	-109.1	-568.3
22.947	-25.22	-551.0
22.980	55.50	-545.2
23.014	131.9	-533.8
23.047	220.0	-553.8
23.080	288.0	-537.9
23.114	327.0	-496.8
23.147	363.0	-471.2
23.180	392.7	-462.2
23.214	406.1	-455.8
23.247	404.0	-457.9
23.281	372.2	-450.8
23.314	318.2	-447.8
23.347	315.8	-522.1
23.381	259.3	-554.0
23.414	178.8	-561.3
23.447	95.99	-586.1
23.481	2.875	-587.2
23.514	-85.07	-562.9
23.547	-171.9	-562.5
23.581	-244.6	-537.8
23.614	-320.4	-531.5
23.647	-362.1	-494.4
23.681	-401.2	-476.3
23.714	-419.3	-461.9
23.747	-422.5	-458.8
23.781	-410.4	-468.0
23.814	-353.4	-448.9
23.848	-313.3	-470.2
23.881	-257.1	-486.6
23.914	-215.8	-553.5
23.948	-133.0	-545.4
23.981	-53.01	-563.9
24.014	30.06	-567.9
24.048	114.8	-570.3
24.081	197.9	-569.2
24.114	267.9	-548.2
24.148	321.9	-519.1
24.181	355.8	-483.4
24.214	365.3	-443.7
24.248	407.1	-459.9
24.281	408.7	-459.0
24.315	397.2	-467.8
24.348	372.0	-488.0
24.381	333.1	-515.8
24.415	280.7	-544.9
24.448	205.0	-564.2
24.481	114.9	-561.1
24.515	31.76	-605.3
24.548	-59.22	-556.1
24.581	-141.8	-551.6
24.615	-216.1	-532.3
24.648	-289.2	-531.2
24.681	-313.3	-457.4
24.715	-388.9	-484.9
24.748	-373.2	-421.2
24.781	-379.2	-414.3
24.815	-374.2	-419.2
24.848	-356.4	-433.7
24.882	-341.4	-487.0
24.915	-309.2	-534.4
24.948	-246.9	-563.7
24.982	-161.0	-551.9
25.015	-81.55	-555.3
25.048	-1.203	-555.5
25.082	78.92	-548.3
25.115	162.8	-550.0
25.148	248.8	-557.0
25.182	309.1	-528.8
25.215	350.5	-498.6
25.248	382.7	-474.4
25.282	385.7	-444.2
25.315	410.6	-459.3
25.348	399.4	-461.6
25.382	341.6	-441.3
25.415	302.5	-458.9
25.449	256.8	-486.3
25.482	200.9	-517.1
25.515	129.9	-540.1
25.549	48.71	-550.3
25.582	-32.44	-590.1
25.615	-118.8	-588.0
25.649	-201.0	-571.5
25.682	-277.1	-552.1
25.715	-332.2	-522.2
25.749	-373.7	-495.0
25.782	-399.0	-475.6
25.815	-410.5	-465.4
25.849	-407.6	-466.0
25.882	-386.1	-474.3
25.915	-340.4	-470.0
25.949	-318.2	-527.3
25.982	-260.2	-556.3
26.016	-183.2	-564.3
26.049	-103.1	-543.8
26.082	-22.93	-577.1
26.116	56.70	-557.1
26.149	146.9	-572.9
26.182	198.6	-512.7
26.216	254.9	-487.1
26.249	320.7	-483.3
26.282	378.2	-484.8
26.316	352.0	-423.0
26.349	360.1	-416.9
26.382	355.8	-420.5
26.416	348.9	-442.1
26.449	314.5	-459.5
26.482	267.2	-479.5
26.516	221.9	-521.1
26.549	155.7	-550.5
26.583	75.75	-564.3
26.616	-8.197	-571.8
26.649	-92.31	-556.0
26.683	-169.9	-541.3
26.716	-236.0	-515.0
26.749	-300.1	-511.0
26.783	-355.2	-496.3
26.816	-389.2	-480.2
26.849	-402.2	-466.3
26.883	-403.9	-465.5
26.916	-392.2	-475.3
26.949	-354.1	-478.3
26.983	-324.2	-514.2
27.016	-268.1	-536.3
27.049	-200.3	-553.2
27.083	-123.9	-550.2
27.116	-46.06	-571.7
27.150	31.80	-550.1
27.183	108.7	-541.4
27.216	177.8	-519.4
27.250	237.9	-495.3
27.283	308.6	-495.4
27.316	357.9	-483.0
27.350	375.0	-456.0
27.383	401.7	-462.4
27.416	401.2	-462.8
27.450	367.2	-453.9
27.483	328.4	-462.6
27.516	277.7	-472.7
27.550	260.8	-551.6
27.583	188.1	-572.9
27.616	103.8	-577.1
27.650	14.10	-556.2
27.683	-68.12	-549.3
27.717	-152.9	-571.4
27.750	-227.1	-547.4
27.783	-280.3	-513.2
27.817	-347.0	-510.9
27.850	-349.5	-446.9
27.883	-398.6	-473.7
27.917	-403.0	-470.0
27.950	-394.2	-477.0
27.983	-358.1	-478.4
28.017	-320.3	-499.2
28.050	-286.1	-544.9
28.083	-204.8	-522.6
28.117	-144.1	-584.1
28.150	-61.20	-550.9
28.183	17.49	-561.9
28.217	99.48	-567.1
28.250	181.4	-562.6
28.284	256.1	-554.8
28.317	301.7	-511.2
28.350	328.7	-467.2
28.384	374.1	-465.8
28.417	384.8	-450.2
28.450	386.7	-448.3
28.484	367.6	-447.5
28.517	354.9	-475.1
28.550	329.8	-519.0
28.584	277.0	-547.1
28.617	210.6	-574.8
28.650	130.0	-587.2
28.684	37.95	-560.1
28.717	-44.92	-565.1
28.750	-125.2	-553.4
28.784	-203.9	-554.5
28.817	-268.0	-529.4
28.851	-327.0	-513.3
28.884	-348.0	-467.4
28.917	-367.1	-448.4
28.951	-379.2	-446.2
28.984	-375.4	-451.9
29.017	-360.4	-471.9
29.051	-327.1	-494.5
29.084	-275.2	-508.5
29.117	-208.2	-508.7
29.151	-163.1	-587.4
29.184	-81.04	-590.8
29.217	1.447	-576.5
29.251	85.94	-590.4
29.284	166.0	-580.7
29.317	241.7	-562.7
29.351	298.1	-534.8
29.384	333.0	-492.9
29.418	372.9	-484.3
29.451	389.9	-467.1
29.484	396.1	-463.9
29.518	352.4	-433.6
29.551	336.7	-450.4
29.584	301.6	-469.5
29.618	289.7	-540.8
29.651	221.1	-556.1
29.684	136.9	-553.4
29.718	54.72	-558.8
29.751	-27.21	-549.1
29.784	-105.4	-543.6
29.818	-182.1	-540.7
29.851	-263.4	-552.0
29.884	-318.6	-527.9
29.918	-329.0	-459.5
29.951	-351.9	-437.6
29.985	-367.9	-435.5
30.018	-366.3	-436.2
30.051	-375.3	-483.1
30.085	-336.1	-490.4
30.118	-294.3	-518.2
30.151	-228.3	-520.8
30.185	-162.6	-538.8
30.218	-93.91	-553.4
30.251	-17.30	-547.7
30.285	60.06	-549.7
30.318	132.7	-536.6
30.351	223.0	-561.4
30.385	287.1	-541.9
30.418	327.8	-506.9
30.451	362.1	-483.8
30.485	384.9	-470.1
30.518	368.5	-440.5
30.552	362.4	-441.6
30.585	339.0	-447.0
30.618	303.0	-457.8
30.652	268.6	-491.5
30.685	215.9	-518.2
30.718	152.9	-550.9
30.752	68.52	-544.4
30.785	-8.211	-587.0
30.818	-90.46	-560.7
30.852	-168.1	-566.4
30.885	-228.4	-525.9
30.918	-276.4	-485.1
30.952	-323.0	-470.4
30.985	-349.3	-448.1
31.019	-364.3	-438.1
31.052	-366.1	-438.4
31.085	-375.3	-479.1
31.119	-347.4	-495.9
31.152	-302.2	-517.3
31.185	-245.2	-536.5
31.219	-173.2	-524.0
31.252	-115.0	-595.7
31.285	-31.24	-593.0
31.319	45.14	-554.2
31.352	127.6	-566.6
31.385	210.0	-567.8
31.419	275.5	-548.5
31.452	298.9	-489.1
31.485	351.5	-488.6
31.519	363.5	-460.5
31.552	368.9	-447.1
31.586	373.0	-455.0
31.619	336.1	-442.9
31.652	314.7	-467.3
31.686	266.1	-479.4
31.719	223.7	-513.4
31.752	170.9	-563.4
31.786	83.78	-557.4
31.819	7.700	-590.1
31.852	-75.60	-555.5
31.886	-147.3	-541.3
31.919	-215.6	-529.1
31.952	-262.6	-486.9
31.986	-317.1	-480.3
32.019	-347.2	-457.2
32.052	-357.2	-433.2
32.086	-361.0	-430.4
32.119	-370.1	-466.3
32.153	-344.1	-481.4
32.186	-307.4	-504.9
32.219	-261.4	-540.9
32.253	-187.3	-532.4
32.286	-132.1	-598.8
32.319	-48.10	-609.1
32.353	37.23	-604.4
32.386	118.1	-588.9
32.419	194.0	-574.0
32.453	258.0	-549.3
32.486	307.8	-522.7
32.519	338.6	-489.6
32.553	363.1	-471.8
32.586	373.5	-461.5
32.619	373.5	-461.5
32.653	329.8	-438.1
32.686	310.5	-460.6
32.720	273.3	-482.6
32.753	260.8	-552.5
32.786	171.1	-527.2
32.820	99.02	-540.9
32.853	23.18	-561.9
32.886	-57.33	-579.3
32.920	-133.4	-568.2
32.953	-219.8	-574.3
32.986	-281.3	-549.5
33.020	-331.5	-523.0
33.053	-347.5	-473.8
33.086	-388.9	-485.6
33.120	-396.4	-480.9
33.153	-388.2	-486.4
33.186	-359.4	-495.0
33.220	-324.0	-518.5
33.253	-275.2	-544.3
33.287	-217.3	-573.0
33.320	-145.7	-595.9
33.353	-63.23	-603.3
33.387	17.53	-556.7
33.420	101.0	-581.0
33.453	176.7	-570.2
33.487	245.1	-555.3
33.520	295.1	-526.9
33.553	330.8	-498.0
33.587	357.5	-480.6
33.620	365.2	-461.8
33.653	365.8	-460.2
33.687	339.2	-449.8
33.720	314.0	-463.0
33.753	278.8	-483.1
33.787	260.8	-552.0
33.820	196.8	-577.7
33.854	118.9	-583.3
33.887	35.09	-572.8
33.920	-45.12	-578.7
33.954	-122.7	-559.9
33.987	-191.6	-553.9
34.020	-263.4	-543.2
34.054	-323.2	-524.2
34.087	-334.0	-464.4
34.120	-355.0	-444.5
34.154	-361.3	-435.2
34.187	-382.3	-476.1
34.220	-360.2	-488.2
34.254	-325.8	-508.7
34.287	-282.3	-539.1
34.320	-230.2	-572.1
34.354	-156.2	-587.0
34.387	-77.23	-599.7
34.421	4.041	-593.6
34.454	86.05	-593.8
34.487	159.8	-572.9
34.521	229.8	-559.9
34.554	284.0	-534.1
34.587	307.6	-488.5
34.621	346.9	-483.1
34.654	365.9	-475.1
34.687	368.5	-471.6
34.721	342.8	-458.2
34.754	316.9	-465.2
34.787	280.1	-479.8
34.821	237.1	-503.8
34.854	180.8	-525.2
34.887	119.8	-551.4
34.921	44.09	-560.0
34.954	-33.51	-568.7
34.988	-112.9	-570.3
35.021	-193.2	-570.3
35.054	-239.4	-509.1
35.088	-288.4	-483.1
35.121	-323.0	-458.3
35.154	-356.2	-453.6
35.188	-365.0	-443.7
35.221	-361.4	-444.1
35.254	-352.4	-470.0
35.288	-320.1	-488.4
35.321	-270.1	-496.6
35.354	-237.3	-565.3
35.388	-154.4	-537.1
35.421	-81.97	-544.6
35.454	-9.859	-555.9
35.488	62.48	-550.2
35.521	132.9	-538.0
35.555	213.9	-554.1
35.588	259.9	-517.1
35.621	300.9	-494.4
35.655	338.6	-485.5
35.688	352.0	-468.0
35.721	372.7	-480.3
35.755	365.6	-484.5
35.788	307.8	-453.2
35.821	280.8	-473.3
35.855	246.9	-505.1
35.888	193.5	-528.7
35.921	130.8	-550.4
35.955	56.79	-560.1
35.988	-21.04	-562.6
36.021	-103.4	-604.1
36.055	-183.0	-585.0
36.088	-225.4	-506.5
36.122	-293.2	-516.5
36.155	-313.4	-460.1
36.188	-362.0	-472.6
36.222	-363.1	-444.4
36.255	-362.4	-445.9
36.288	-372.1	-495.4
36.322	-320.2	-484.3
36.355	-289.3	-532.0
36.388	-233.0	-562.4
36.422	-173.1	-588.1
36.455	-93.08	-592.0
36.488	-16.85	-547.7
36.522	56.63	-545.6
36.555	133.0	-557.7
36.588	186.9	-525.0
36.622	251.8	-521.3
36.655	303.6	-512.4
36.689	333.9	-491.1
36.722	381.9	-471.6
36.755	379.1	-473.9
36.789	373.5	-476.7
36.822	356.1	-484.3
36.855	321.2	-498.0
36.889	271.4	-503.7
36.922	207.0	-505.7
36.955	148.6	-540.1
36.989	74.88	-545.3
37.022	-1.237	-553.9
37.055	-81.22	-575.6
37.089	-155.3	-561.4
37.122	-218.2	-535.2
37.155	-276.0	-525.7
37.189	-295.7	-465.9
37.222	-342.1	-485.5
37.256	-343.4	-460.0
37.289	-343.4	-460.1
37.322	-321.2	-450.6
37.356	-316.2	-502.3
37.389	-266.3	-502.3
37.422	-218.2	-527.0
37.456	-154.5	-539.1
37.489	-91.55	-605.7
37.522	-12.53	-569.7
37.556	60.69	-561.5
37.589	126.9	-531.7
37.622	194.8	-525.8
37.656	256.8	-517.0
37.689	318.6	-514.2
37.723	355.0	-490.1
37.756	376.7	-472.3
37.789	367.7	-468.1
37.823	365.0	-470.4
37.856	350.6	-479.4
37.889	320.1	-488.5
37.923	260.2	-480.1
37.956	211.1	-503.6
37.989	151.8	-533.0
38.023	81.72	-549.8
38.056	7.428	-558.2
38.089	-72.09	-588.2
38.123	-145.0	-560.6
38.156	-212.4	-544.9
38.189	-256.2	-503.0
38.223	-309.4	-503.8
38.256	-316.4	-453.8
38.290	-341.2	-462.3
38.323	-343.1	-461.5
38.356	-357.3	-507.2
38.390	-323.1	-509.4
38.423	-263.2	-487.4
38.456	-231.3	-550.7
38.490	-161.2	-543.4
38.523	-98.74	-603.9
38.556	-18.28	-610.2
38.590	55.91	-578.2
38.623	125.6	-560.6
38.656	185.8	-526.2
38.690	241.6	-505.5
38.723	311.7	-520.8
38.756	348.5	-495.9
38.790	371.8	-477.3
38.823	339.5	-445.6
38.857	337.5	-446.4
38.890	339.7	-454.3
38.923	315.8	-478.2
38.957	261.9	-479.2
38.990	213.6	-501.6
39.023	153.7	-526.4
39.057	87.94	-550.1
39.090	15.75	-583.0
39.123	-60.40	-554.8
39.157	-138.2	-571.3
39.190	-194.4	-516.8
39.223	-243.6	-493.5
39.257	-307.4	-514.0
39.290	-335.0	-491.6
39.323	-355.3	-487.0
39.357	-358.2	-485.4
39.390	-322.1	-451.4
39.424	-324.0	-507.5
39.457	-273.1	-501.3
39.490	-236.2	-549.4
39.524	-176.2	-576.6
39.557	-103.8	-592.5
39.590	-25.33	-595.9
39.624	48.59	-567.6
39.657	116.9	-544.0
39.690	184.8	-541.2
39.724	244.8	-527.3
39.757	304.5	-523.4
39.790	317.5	-491.4
39.824	353.4	-490.6
39.857	360.4	-478.6
39.890	359.8	-479.3
39.924	347.7	-488.3
39.957	312.5	-494.5
39.991	258.1	-481.4
40.024	212.8	-503.3
40.057	164.6	-550.5
40.091	89.73	-543.1
40.124	18.64	-556.9
40.157	-57.90	-589.6
40.191	-135.4	-584.7
40.224	-203.4	-559.8
40.257	-250.4	-512.7
40.291	-289.5	-485.9
40.324	-332.1	-490.6
40.357	-354.5	-488.0
40.391	-356.1	-480.5
40.424	-324.4	-451.1
40.457	-328.1	-509.4
40.491	-292.1	-529.5
40.524	-231.1	-519.6
40.558	-186.9	-587.3
40.591	-114.0	-602.9
40.624	-34.70	-606.2
40.658	42.53	-588.3
40.691	108.4	-543.6
40.724	183.8	-559.1
40.758	238.0	-531.8
40.791	280.9	-516.8
40.824	314.2	-498.9
40.858	350.3	-493.7
40.891	361.3	-485.8
40.924	361.3	-486.1
40.958	349.1	-494.0
40.991	321.1	-505.1
41.024	269.1	-501.8
41.058	226.6	-526.4
41.091	168.6	-550.2
41.125	104.6	-585.5
41.158	27.80	-595.0
41.191	-50.33	-592.9
41.225	-129.6	-593.1
41.258	-195.0	-554.3
41.291	-239.7	-497.3
41.325	-282.6	-476.1
41.358	-332.3	-495.3
41.391	-353.3	-490.4
41.425	-340.5	-461.8
41.458	-346.1	-487.7
41.491	-312.1	-481.4
41.525	-279.3	-499.1
41.558	-234.3	-520.5
41.591	-190.6	-584.8
41.625	-118.5	-600.4
41.658	-40.93	-605.8
41.692	34.70	-579.9
41.725	108.7	-574.5
41.758	176.8	-558.2
41.792	244.6	-555.0
41.825	266.0	-504.8
41.858	322.3	-513.7
41.892	345.9	-495.7
41.925	358.6	-487.8
41.958	358.9	-487.8
41.992	346.9	-494.1
42.025	324.9	-509.1
42.058	259.1	-483.9
42.092	214.5	-503.2
42.125	160.6	-523.6
42.158	98.19	-539.4
42.192	28.60	-554.2
42.225	-48.47	-602.2
42.259	-128.2	-597.2
42.292	-200.3	-579.3
42.325	-250.5	-532.1
42.359	-279.2	-477.4
42.392	-309.5	-459.6
42.425	-372.8	-498.6
42.459	-380.5	-495.9
42.492	-370.3	-500.1
42.525	-316.9	-471.4
42.559	-294.0	-513.4
42.592	-258.0	-563.2
42.625	-197.4	-582.0
42.659	-126.9	-597.6
42.692	-49.76	-598.4
42.725	26.20	-604.2
42.759	97.32	-587.0
42.792	164.4	-571.7
42.826	223.0	-550.9
42.859	271.7	-534.6
42.892	305.0	-510.8
42.926	325.8	-492.4
42.959	321.8	-466.2
42.992	322.6	-465.5
43.026	307.0	-464.9
43.059	287.0	-478.0
43.092	250.1	-488.8
43.126	210.9	-514.1
43.159	156.9	-534.4
43.192	102.9	-573.6
43.226	25.61	-562.5
43.259	-48.04	-593.8
43.292	-128.3	-593.2
43.326	-199.3	-575.9
43.359	-236.8	-501.3
43.393	-282.4	-478.5
43.426	-318.0	-464.5
43.459	-378.1	-505.5
43.493	-385.1	-500.9
43.526	-375.9	-507.2
43.559	-349.1	-518.4
43.593	-295.2	-510.2
43.626	-249.1	-538.6
43.659	-194.0	-572.6
43.693	-132.0	-592.4
43.726	-55.56	-594.4
43.759	14.00	-549.9
43.793	78.99	-542.7
43.826	139.5	-529.7
43.859	214.7	-552.2
43.893	259.9	-528.2
43.926	293.6	-506.5
43.960	349.4	-492.4
43.993	349.8	-463.1
44.026	339.6	-447.3
44.060	347.6	-478.4
44.093	320.9	-489.9
44.126	273.0	-492.8
44.160	220.4	-499.9
44.193	166.1	-522.0
44.226	103.7	-539.8
44.260	35.59	-571.8
44.293	-41.17	-593.9
44.326	-119.0	-591.5
44.360	-183.9	-558.4
44.393	-240.8	-532.7
44.427	-275.3	-491.8
44.460	-304.3	-473.1
44.493	-319.2	-456.3
44.527	-334.4	-470.1
44.560	-317.4	-456.0
44.593	-322.1	-510.5
44.627	-287.3	-524.0
44.660	-239.9	-541.6
44.693	-189.3	-579.6
44.727	-122.3	-598.7
44.760	-49.79	-600.1
44.793	22.36	-566.2
44.827	87.98	-541.0
44.860	149.9	-527.1
44.893	207.6	-513.5
44.927	280.5	-536.4
44.960	319.7	-511.4
44.994	347.9	-492.9
45.027	347.9	-463.1
45.060	354.6	-466.5
45.094	351.6	-484.5
45.127	330.6	-504.2
45.160	268.0	-488.9
45.194	220.2	-501.9
45.227	166.8	-522.0
45.260	103.6	-538.0
45.294	36.00	-557.8
45.327	-38.44	-603.7
45.360	-115.4	-600.0
45.394	-183.1	-572.4
45.427	-235.4	-535.8
45.460	-267.0	-489.5
45.494	-295.6	-467.4
45.527	-340.2	-502.3
45.561	-344.2	-494.3
45.594	-335.4	-494.0
45.627	-327.1	-528.2
45.661	-271.4	-500.9
45.694	-240.4	-549.1
45.727	-187.7	-586.2
45.761	-120.3	-601.8
45.794	-46.58	-610.9
45.827	26.89	-587.3
45.861	92.43	-554.6
45.894	157.6	-545.1
45.927	212.7	-524.6
45.961	276.9	-532.2
45.994	289.7	-495.9
46.027	303.0	-464.9
46.061	350.9	-495.7
46.094	352.8	-493.4
46.128	344.5	-500.0
46.161	293.7	-476.2
46.194	257.7	-482.3
46.228	215.1	-503.2
46.261	180.5	-565.3
46.294	101.5	-541.2
46.328	33.15	-548.9
46.361	-38.42	-548.5
46.394	-108.2	-548.4
46.428	-179.6	-557.9
46.461	-224.2	-503.2
46.494	-268.0	-482.7
46.528	-319.3	-494.2
46.561	-357.5	-501.7
46.594	-372.3	-507.3
46.628	-364.0	-510.5
46.661	-327.5	-506.8
46.695	-296.0	-527.5
46.728	-250.1	-552.2
46.761	-194.4	-578.8
46.795	-129.1	-599.0
46.828	-56.16	-606.1
46.861	19.94	-606.7
46.895	90.75	-587.4
46.928	152.7	-562.2
46.961	205.6	-537.5
46.995	253.6	-522.2
47.028	291.6	-509.5
47.061	311.6	-490.5
47.095	327.5	-485.6
47.128	331.8	-486.3
47.161	319.9	-489.1
47.195	286.5	-484.6
47.228	254.8	-500.5
47.262	211.8	-520.0
47.295	179.7	-575.1
47.328	111.8	-592.4
47.362	37.46	-601.6
47.395	-40.32	-610.8
47.428	-115.4	-600.1
47.462	-171.1	-537.0
47.495	-225.2	-509.4
47.528	-269.2	-489.2
47.562	-301.2	-471.5
47.595	-361.1	-513.9
47.628	-369.4	-509.0
47.662	-360.9	-513.7
47.695	-318.2	-496.3
47.728	-297.1	-535.3
47.762	-252.1	-557.5
47.795	-180.1	-538.3
47.829	-123.5	-583.9
47.862	-56.32	-601.8
47.895	15.61	-580.0
47.929	83.52	-568.7
47.962	147.8	-555.3
47.995	215.0	-560.8
48.029	263.8	-542.2
48.062	294.0	-515.1
48.095	311.7	-493.5
48.129	325.7	-486.4
48.162	327.8	-485.2
48.195	305.6	-475.5
48.229	285.9	-487.9
48.262	250.7	-500.4
48.295	205.9	-517.4
48.329	175.5	-582.6
48.362	109.7	-596.4
48.396	34.77	-604.3
48.429	-43.78	-610.6
48.462	-120.2	-602.9
48.496	-189.5	-587.1
48.529	-251.1	-567.0
48.562	-301.0	-545.9
48.596	-337.3	-527.5
48.629	-359.9	-514.8
48.662	-366.1	-510.8
48.696	-359.1	-515.0
48.729	-333.2	-524.3
48.762	-299.3	-543.9
48.796	-253.3	-564.4
48.829	-193.7	-579.8
48.862	-126.4	-590.8
48.896	-55.96	-601.3
48.929	16.94	-603.4
48.963	87.93	-590.4
48.996	154.9	-578.0
49.029	212.9	-560.9
49.063	261.9	-544.2
49.096	292.9	-517.3
49.129	313.6	-498.6
49.163	322.7	-485.4
49.196	321.9	-481.1
49.229	316.0	-491.1
49.263	274.9	-478.1
49.296	249.7	-503.3
49.329	205.1	-520.8
49.363	163.8	-562.0
49.396	93.89	-556.7
49.429	30.02	-590.0
49.463	-43.20	-588.7
49.496	-115.2	-592.0
49.530	-190.8	-579.5
49.563	-254.0	-565.8
49.596	-302.5	-545.1
49.630	-302.1	-472.3
49.663	-329.0	-471.6
49.696	-334.4	-465.9
49.730	-327.1	-470.6
49.763	-325.0	-516.5
49.796	-267.5	-484.7
49.830	-225.4	-503.8
49.863	-174.5	-522.3
49.896	-118.9	-552.3
49.930	-55.04	-575.0
49.963	10.08	-555.8
49.996	81.87	-571.4
50.030	150.6	-572.5
50.063	208.8	-558.7
50.097	252.8	-532.3
50.130	289.7	-516.3
50.163	310.9	-498.1
50.197	301.1	-463.9
50.230	302.8	-464.1
50.263	289.8	-465.2
50.297	269.7	-477.2
50.330	245.8	-504.2
50.363	202.0	-521.9
50.397	169.8	-587.7
50.430	102.7	-603.8
50.463	27.69	-612.7
50.497	-50.25	-612.8
50.530	-126.2	-603.8
50.563	-196.9	-587.1
50.597	-254.7	-567.0
50.630	-300.6	-546.5
50.664	-314.2	-499.2
50.697	-327.1	-473.2
50.730	-331.2	-469.4
50.764	-324.3	-474.1
50.797	-321.9	-521.7
50.830	-287.0	-539.4
50.864	-227.4	-523.9
50.897	-173.0	-544.4
50.930	-113.9	-538.3
50.964	-51.06	-550.9
50.997	14.56	-555.1
51.030	78.49	-548.3
51.064	135.9	-531.5
51.097	215.6	-569.2
51.130	255.9	-537.2
51.164	289.6	-517.6
51.197	313.9	-503.0
51.231	332.7	-503.4
51.264	334.8	-503.2
51.297	300.9	-480.1
51.331	279.7	-492.2
51.364	244.9	-506.1
51.397	201.7	-525.2
51.431	167.3	-587.8
51.464	98.79	-600.6
51.497	23.71	-600.5
51.531	-52.16	-600.0
51.564	-128.1	-597.6
51.597	-181.3	-547.9
51.631	-226.3	-506.1
51.664	-265.1	-486.4
51.698	-325.2	-520.2
51.731	-322.2	-472.2
51.764	-328.4	-472.1
51.798	-323.2	-482.3
51.831	-317.2	-523.0
51.864	-274.2	-529.3
51.898	-220.2	-521.3
51.931	-169.3	-552.0
51.964	-104.7	-549.5
51.998	-44.98	-551.5
52.031	19.48	-548.7
52.064	90.27	-568.0
52.098	150.9	-555.1
52.131	206.0	-543.0
52.164	252.7	-529.3
52.198	289.8	-516.4
52.231	310.7	-498.4
52.265	328.5	-498.5
52.298	328.7	-497.4
52.331	302.6	-484.4
52.365	269.8	-483.2
52.398	237.0	-499.3
52.431	196.0	-521.1
52.465	162.9	-583.3
52.498	93.64	-592.1
52.531	20.27	-601.3
52.565	-54.43	-598.2
52.598	-121.2	-575.5
52.631	-183.9	-558.3
52.665	-224.0	-505.5
52.698	-274.3	-507.8
52.731	-327.2	-528.4
52.765	-336.4	-504.9
52.798	-340.3	-503.1
52.832	-334.3	-513.0
52.865	-308.5	-522.8
52.898	-257.1	-507.3
52.932	-214.1	-526.5
52.965	-166.3	-571.1
52.998	-98.96	-550.1
53.032	-35.39	-566.4
53.065	26.17	-547.4
53.098	87.98	-541.2
53.132	147.9	-532.5
53.165	196.8	-516.6
53.198	265.5	-540.7
53.232	293.6	-515.6
53.265	316.9	-503.2
53.298	325.1	-492.8
53.332	324.5	-493.5
53.365	287.6	-467.5
53.399	270.5	-487.5
53.432	236.0	-504.2
53.465	191.9	-523.1
53.499	159.4	-577.5
53.532	92.69	-596.8
53.565	19.17	-598.2
53.599	-54.25	-597.3
53.632	-116.1	-552.4
53.665	-180.2	-551.7
53.699	-220.8	-505.6
53.732	-274.3	-520.0
53.765	-315.2	-522.2
53.799	-332.4	-510.1
53.832	-335.3	-508.0
53.865	-326.2	-514.9
53.899	-288.2	-507.8
53.932	-248.3	-506.0
53.966	-204.4	-523.0
53.999	-163.1	-586.6
54.032	-97.53	-595.1
54.066	-29.69	-598.8
54.099	36.81	-557.6
54.132	97.66	-548.4
54.166	168.7	-568.3
54.199	224.6	-555.5
54.232	265.6	-534.4
54.266	298.7	-517.3
54.299	303.1	-474.8
54.332	343.7	-507.2
54.366	341.6	-507.5
54.399	328.1	-516.0
54.432	270.8	-487.5
54.466	234.9	-505.0
54.499	187.8	-525.0
54.533	135.2	-537.2
54.566	69.82	-549.3
54.599	6.790	-585.2
54.633	-66.26	-598.1
54.666	-137.3	-589.2
54.699	-201.3	-577.2
54.733	-253.4	-560.9
54.766	-291.3	-538.4
54.799	-321.5	-523.8
54.833	-308.5	-463.7
54.866	-310.3	-462.9
54.899	-325.1	-515.6
54.933	-296.1	-523.5
54.966	-251.3	-515.1
54.999	-214.3	-554.8
55.033	-153.2	-552.4
55.066	-93.30	-571.4
55.100	-30.79	-594.4
55.133	35.93	-572.6
55.166	102.2	-568.9
55.200	167.9	-570.2
55.233	224.0	-557.8
55.266	267.6	-539.8
55.300	294.1	-515.8
55.333	313.9	-504.0
55.366	299.6	-471.5
55.400	298.1	-472.9
55.433	277.7	-472.6
55.466	256.7	-490.4
55.500	221.7	-508.3
55.533	174.0	-521.0
55.566	141.1	-592.2
55.600	72.82	-607.7
55.633	-0.167	-610.2
55.667	-73.10	-605.9
55.700	-143.9	-597.3
55.733	-207.5	-580.8
55.767	-257.5	-562.0
55.800	-267.1	-491.2
55.833	-299.1	-488.4
55.867	-313.0	-480.6
55.900	-314.0	-479.7
55.933	-319.2	-517.2
55.967	-276.1	-495.3
56.000	-255.2	-542.2
56.033	-207.4	-558.8
56.067	-155.2	-583.5
56.100	-94.22	-601.5
56.133	-24.94	-604.0
56.167	45.08	-599.4
56.200	112.3	-589.1
56.234	173.2	-574.1
56.267	227.8	-561.0
56.300	263.1	-530.8
56.334	291.6	-512.6
56.367	302.6	-490.5
56.400	316.9	-494.1
56.434	322.8	-508.2
56.467	277.0	-476.9
56.500	260.4	-503.6
56.534	214.0	-504.0
56.567	174.0	-534.1
56.600	133.9	-590.1
56.634	63.67	-589.1
56.667	-6.847	-594.2
56.700	-78.20	-592.2
56.734	-146.0	-583.1
56.767	-211.1	-577.4
56.801	-261.2	-560.2
56.834	-268.2	-487.0
56.867	-301.3	-491.1
56.901	-302.2	-463.7
56.934	-302.2	-463.9
56.967	-304.0	-499.6
57.001	-272.0	-496.5
57.034	-243.3	-526.9
57.067	-197.0	-545.4
57.101	-143.2	-564.2
57.134	-83.04	-545.3
57.167	-21.65	-550.9
57.201	40.65	-549.4
57.234	103.0	-548.8
57.267	170.2	-558.8
57.301	223.8	-548.4
57.334	262.7	-527.5
57.368	295.6	-516.5
57.401	309.8	-500.3
57.434	297.1	-472.9
57.468	292.8	-476.2
57.501	272.6	-478.5
57.534	252.9	-501.0
57.568	214.9	-518.3
57.601	167.0	-532.9
57.634	128.8	-597.9
57.668	59.03	-603.0
57.701	-13.28	-603.1
57.734	-85.20	-603.8
57.768	-153.3	-591.3
57.801	-196.4	-544.1
57.834	-242.0	-527.7
57.868	-281.0	-519.4
57.901	-312.4	-516.9
57.935	-323.1	-510.5
57.968	-321.3	-511.1
58.001	-311.2	-526.3
58.035	-277.2	-530.3
58.068	-225.3	-511.1
58.101	-189.3	-563.1
58.135	-127.9	-551.6
58.168	-68.16	-550.7
58.201	-6.278	-554.6
58.235	54.22	-550.1
58.268	121.7	-565.4
58.301	184.6	-572.4
58.335	233.1	-550.7
58.368	270.0	-530.3
58.402	299.7	-517.2
58.435	310.9	-499.0
58.468	320.9	-502.1
58.502	300.8	-486.3
58.535	276.7	-486.4
58.568	250.0	-502.0
58.602	210.9	-518.9
58.635	162.8	-535.6
58.668	108.0	-551.3
58.702	50.87	-584.8
58.735	-19.92	-575.0
58.768	-87.69	-580.7
58.802	-149.2	-565.4
58.835	-218.8	-575.8
58.868	-264.2	-557.8
58.902	-290.2	-528.4
58.935	-313.0	-518.4
58.969	-307.3	-483.0
59.002	-304.3	-484.9
59.035	-306.1	-526.5
59.069	-270.2	-528.1
59.102	-219.3	-509.8
59.135	-174.1	-526.5
59.169	-120.1	-547.8
59.202	-64.24	-557.8
59.235	-3.832	-549.5
59.269	58.04	-549.1
59.302	133.0	-587.4
59.335	191.8	-579.7
59.369	234.0	-549.0
59.402	266.9	-526.1
59.435	293.7	-512.5
59.469	282.2	-469.5
59.502	298.7	-483.3
59.536	282.0	-475.0
59.569	264.9	-485.9
59.602	237.0	-502.0
59.636	199.9	-523.1
59.669	154.0	-542.9
59.702	96.90	-556.1
59.736	32.16	-561.2
59.769	-33.94	-567.8
59.802	-95.74	-554.4
59.836	-170.3	-590.3
59.869	-219.2	-566.4
59.902	-264.0	-550.7
59.936	-302.4	-539.9
59.969	-319.4	-523.9
60.002	-327.2	-519.3
60.036	-323.3	-522.9
60.069	-302.3	-527.0
60.103	-257.0	-507.7
60.136	-221.2	-530.4
60.169	-170.4	-536.8
60.203	-116.4	-569.4
60.236	-52.73	-546.7
60.269	6.370	-554.2
60.303	76.87	-585.5
60.336	128.9	-550.3
60.369	188.2	-551.9
60.403	230.9	-529.9
60.436	273.1	-527.8
60.469	289.6	-503.7
60.503	312.1	-507.7
60.536	315.0	-508.0
60.569	300.0	-505.0
60.603	255.9	-484.6
60.636	230.7	-506.5
60.670	216.9	-572.2
60.703	163.9	-589.8
60.736	100.00	-601.9
60.770	32.01	-594.6
60.803	-36.61	-562.5
60.836	-97.30	-542.5
60.870	-158.1	-545.3
60.903	-204.2	-512.9
60.936	-243.3	-496.9
60.970	-273.0	-484.3
61.003	-290.2	-473.9
61.036	-296.0	-470.4
61.070	-290.4	-472.7
61.103	-289.4	-518.7
61.136	-248.3	-509.0
61.170	-208.3	-522.0
61.203	-160.2	-539.4
61.237	-117.3	-600.2
61.270	-51.56	-590.2
61.303	-6.848	-599.7
61.337	-0.854	-607.8
61.370	14.71	-615.3
61.403	29.00	-617.2
61.437	42.64	-623.4
61.470	50.11	-625.1
