	mass A		
t	x	y	
0.000	-144.4	-656.5
0.033	-140.3	-656.9
0.067	-130.7	-658.5
0.100	-116.2	-661.7
0.133	-97.42	-663.9
0.167	-75.60	-667.4
0.200	-50.81	-669.4
0.233	-23.79	-671.0
0.267	3.144	-671.6
0.300	30.78	-670.6
0.334	55.60	-669.4
0.367	78.42	-667.4
0.400	97.49	-665.1
0.434	112.2	-663.5
0.467	122.1	-661.8
0.500	126.1	-661.3
0.534	123.8	-661.7
0.567	115.8	-663.4
0.600	102.2	-665.6
0.634	84.44	-667.8
0.667	61.02	-670.5
0.700	35.33	-672.4
0.734	6.655	-673.4
0.767	-22.91	-673.5
0.800	-51.55	-672.2
0.834	-77.68	-669.9
0.867	-100.6	-667.3
0.901	-119.0	-664.1
0.934	-133.4	-661.8
0.967	-141.8	-659.6
1.001	-144.9	-658.7
1.034	-142.9	-659.0
1.067	-134.3	-660.2
1.101	-121.6	-663.0
1.134	-103.8	-665.7
1.167	-82.86	-668.4
1.201	-58.56	-671.2
1.234	-32.31	-673.0
1.267	-6.040	-673.6
1.301	21.30	-673.8
1.334	47.03	-672.3
1.367	70.20	-670.6
1.401	90.06	-668.6
1.434	105.6	-666.6
1.468	116.8	-664.9
1.501	121.2	-664.3
1.534	121.4	-664.6
1.568	115.0	-665.5
1.601	102.7	-667.5
1.634	85.62	-669.6
1.668	63.70	-671.6
1.701	38.29	-673.6
1.734	10.71	-674.4
1.768	-18.95	-674.2
1.801	-46.79	-673.0
1.834	-73.45	-670.5
1.868	-96.72	-667.5
1.901	-116.1	-664.4
1.935	-130.6	-661.2
1.968	-140.2	-659.3
2.001	-144.1	-658.2
2.035	-142.8	-658.5
2.068	-135.9	-659.5
2.101	-123.7	-661.4
2.135	-107.6	-664.1
2.168	-87.22	-667.4
2.201	-64.68	-669.8
2.235	-38.33	-671.8
2.268	-12.52	-672.8
2.301	15.19	-672.9
2.335	41.27	-671.7
2.368	64.11	-670.2
2.401	84.77	-668.4
2.435	101.0	-666.6
2.468	113.7	-664.8
2.502	120.7	-663.7
2.535	121.0	-663.6
2.568	115.5	-664.3
2.602	106.3	-665.7
2.635	91.15	-667.4
2.668	71.40	-669.6
2.702	87.60	-664.6
2.735	19.85	-672.8
2.768	-8.643	-672.9
2.802	-36.55	-671.6
2.835	-63.36	-669.4
2.868	-87.67	-667.0
2.902	-107.2	-663.6
2.935	-123.8	-660.8
2.968	-134.8	-658.0
3.002	-140.2	-656.4
3.035	-140.4	-656.4
3.069	-134.8	-657.3
3.102	-124.5	-659.3
3.135	-109.8	-662.0
3.169	-92.80	-666.1
3.202	-67.92	-667.6
3.235	-44.07	-669.9
3.269	-18.45	-671.0
3.302	7.175	-671.6
3.335	30.88	-673.3
3.369	55.96	-671.9
3.402	79.67	-667.7
3.435	97.69	-665.8
3.469	109.2	-664.4
3.502	117.5	-663.4
3.535	119.1	-663.3
3.569	117.4	-663.7
3.602	107.3	-665.4
3.636	92.95	-667.5
3.669	74.42	-669.5
3.702	93.07	-663.8
3.736	69.03	-665.7
3.769	41.17	-667.7
3.802	-28.07	-671.9
3.836	-56.77	-670.1
3.869	-82.01	-667.9
3.902	-103.2	-664.7
3.936	-120.7	-661.8
3.969	-132.8	-659.3
4.002	-139.2	-657.7
4.036	-140.7	-657.3
4.069	-137.2	-657.8
4.102	-128.1	-659.5
4.136	-115.0	-661.9
4.169	-97.58	-664.5
4.203	-76.16	-667.6
4.236	-51.87	-669.9
4.269	-26.41	-671.4
4.303	-1.063	-672.5
4.336	24.96	-672.8
4.369		
4.403	72.22	-669.5
4.436	91.82	-667.4
4.469	105.9	-665.8
4.503	114.4	-664.3
4.536	118.1	-664.4
4.569	116.5	-664.5
4.603	109.3	-665.6
4.636	96.33	-667.2
4.670	78.28	-669.6
4.703	56.85	-671.6
4.736	30.64	-673.6
4.770	3.545	-674.0
4.803	-24.64	-673.2
4.836	-51.54	-671.8
4.870	-76.63	-669.4
4.903	-98.06	-666.8
4.936	-116.1	-663.7
4.970	-129.1	-661.1
5.003	-137.5	-659.3
5.036	-140.4	-658.8
5.070	-138.0	-658.8
5.103	-130.6	-659.8
5.136	-118.3	-661.7
5.170	-101.8	-664.5
5.203	-81.32	-667.6
5.237	-58.74	-669.7
5.270	-33.14	-671.8
5.303	-7.141	-672.6
5.337	18.90	-672.9
5.370	43.43	-671.4
5.403	66.86	-669.9
5.437	86.26	-667.6
5.470	102.5	-665.7
5.503	112.3	-664.4
5.537	118.2	-663.6
5.570	118.2	-663.6
5.603	112.3	-664.5
5.637	100.4	-666.3
5.670	83.91	-668.6
5.703	62.80	-670.6
5.737	37.71	-672.5
5.770	11.14	-673.4
5.804	-17.00	-673.4
5.837	-44.25	-672.4
5.870	-69.90	-670.3
5.904	-92.18	-667.8
5.937	-111.1	-664.7
5.970	-125.5	-661.9
6.004	-134.7	-659.5
6.037	-138.6	-658.5
6.070	-137.7	-658.5
6.104	-131.6	-659.6
6.137	-120.4	-661.5
6.170	-104.7	-664.2
6.204	-85.50	-667.2
6.237	-62.66	-670.1
6.270	-38.19	-672.2
6.304	-13.18	-673.4
6.337	12.69	-673.9
6.371	37.82	-673.2
6.404	61.00	-671.8
6.437	81.88	-669.8
6.471	97.89	-667.8
6.504	110.0	-665.7
6.537	115.0	-665.3
6.571	115.6	-665.3
6.604	110.5	-666.2
6.637	100.9	-667.7
6.671	85.08	-669.6
6.704		
6.737	40.94	-673.5
6.771	14.68	-674.3
6.804	-13.29	-674.3
6.837	-40.02	-673.3
6.871	-65.39	-671.5
6.904	-87.57	-668.9
6.938	-107.2	-665.7
6.971		
7.004		
7.038		
7.071	-138.1	-658.3
7.104	-133.5	-659.2
7.138	-124.0	-660.7
7.171	-110.0	-663.3
7.204	-91.95	-666.6
7.238	-71.34	-669.1
7.271	-47.88	-671.5
7.304	-22.41	-673.0
7.338	3.002	-673.5
7.371	27.37	-673.5
7.404	51.46	-672.3
7.438	73.35	-670.5
7.471	90.80	-668.7
7.505	103.6	-666.8
7.538	111.8	-665.9
7.571	113.4	-665.4
7.605	111.0	-665.8
7.638	101.0	-667.4
7.671	87.98	-668.8
7.705	69.07	-670.8
7.738	45.75	-672.5
7.771	20.59	-673.7
7.805	-6.217	-673.6
7.838	-32.97	-672.6
7.871	-58.36	-670.9
7.905	-81.80	-668.3
7.938	-101.6	-665.5
7.972	-117.1	-662.9
8.005		
8.038	-135.2	-658.3
8.072	-137.1	-658.1
8.105	-134.0	-658.7
8.138	-126.1	-659.9
8.172	-113.2	-662.1
8.205	-97.08	-665.2
8.238	-77.28	-668.1
8.272	-54.24	-670.8
8.305	-29.93	-672.3
8.338	-4.538	-673.5
8.372	20.99	-673.8
8.405	45.23	-672.6
8.438		
8.472	84.74	-669.4
8.505	99.46	-667.6
8.539	107.9	-666.7
8.572	110.8	-666.3
8.605	109.4	-666.5
8.639	102.4	-667.2
8.672	89.34	-669.1
8.705	72.03	-671.5
8.739	49.98	-673.7
8.772	25.98	-674.9
8.805	-0.269	-674.9
8.839	-26.83	-673.8
8.872	-52.52	-672.2
8.905	-76.28	-670.3
8.939	-96.36	-667.6
8.972	-113.3	-665.0
9.005	-126.0	-662.0
9.039	-133.9	-660.3
9.072	-136.6	-659.6
9.106	-134.7	-659.7
9.139	-127.6	-660.7
9.172	-115.8	-662.7
9.206	-99.94	-665.6
9.239	-80.86	-668.3
9.272	-58.93	-670.8
9.306	-34.86	-672.4
9.339	-9.773	-673.5
9.372	16.07	-673.9
9.406	39.45	-673.3
9.439	61.85	-671.2
9.472	81.56	-669.9
9.506	97.52	-667.6
9.539	107.0	-666.5
9.572	112.1	-665.8
9.606	111.3	-665.6
9.639	105.5	-666.4
9.673	93.80	-668.3
9.706	77.25	-670.1
9.739		
9.773	32.68	-674.2
9.806	7.691	-674.8
9.839	-18.68	-674.3
9.873	-44.02	-673.3
9.906	-68.13	-671.5
9.939	-90.01	-668.7
9.973	-107.7	-666.1
10.006	-121.4	-663.6
10.039	-130.2	-661.8
10.073	-134.6	-660.5
10.106	-133.7	-660.5
10.139	-128.1	-661.4
10.173	-118.6	-663.0
10.206	-103.7	-665.6
10.240	-85.31	-668.3
10.273	-64.19	-670.8
10.306	-40.82	-672.7
10.340	-16.14	-673.8
10.373	9.223	-673.9
10.406	34.04	-673.7
10.440	57.48	-671.8
10.473	77.15	-669.8
10.506	93.82	-667.8
10.540	104.3	-666.3
10.573	110.9	-665.6
10.606	111.5	-665.5
10.640	106.7	-666.3
10.673	96.95	-667.7
10.706	81.64	-669.6
10.740	62.25	-671.4
10.773	39.19	-673.2
10.807	13.73	-674.3
10.840	-12.31	-674.5
10.873	-37.85	-673.2
10.907	-61.48	-671.6
10.940	-83.57	-669.1
10.973	-101.4	-666.7
11.007	-116.2	-663.7
11.040	-126.5	-661.1
11.073	-131.9	-660.4
11.107	-132.8	-660.1
11.140	-128.3	-661.0
11.173	-119.6	-662.2
11.207	-106.1	-664.9
11.240	-89.25	-667.4
11.274	-69.10	-670.1
11.307	-46.21	-672.4
11.340	-22.08	-673.9
11.374	2.460	-674.4
11.407	26.96	-674.4
11.440	50.41	-673.5
11.474	70.96	-671.8
11.507	88.58	-669.6
11.540	99.96	-668.4
11.574	107.2	-667.3
11.607	109.5	-667.3
11.640	106.5	-667.7
11.674	98.45	-668.6
11.707	84.06	-670.6
11.740	65.49	-672.4
11.774	43.59	-674.4
11.807	19.37	-675.2
11.841	-5.889	-675.3
11.874	-30.95	-674.7
11.907	-55.39	-673.0
11.941	-77.92	-670.3
11.974	-97.09	-667.8
12.007	-112.7	-664.8
12.041	-123.7	-662.6
12.074	-130.5	-660.9
12.107	-132.0	-660.3
12.141	-129.6	-660.8
12.174	-121.7	-661.8
12.207	-109.8	-663.9
12.241	-93.96	-666.7
12.274	-74.78	-669.1
12.307	-52.24	-671.4
12.341	-28.89	-673.4
12.374	-3.870	-674.3
12.408	20.91	-674.5
12.441	44.30	-673.9
12.474	66.00	-672.0
12.508	84.40	-669.7
12.541	96.98	-668.4
12.574	105.5	-667.3
12.608	109.6	-666.8
12.641	108.0	-666.8
12.674	100.8	-667.7
12.708	87.85	-669.3
12.741	70.18	-671.3
12.774	49.36	-673.4
12.808	26.23	-674.5
12.841	2.059	-674.8
12.874	-24.40	-674.2
12.908	-48.67	-672.7
12.941	-71.90	-670.5
12.975	-92.06	-668.1
13.008	-108.3	-665.7
13.041	-120.5	-663.2
13.075	-128.3	-661.6
13.108	-131.4	-660.8
13.141	-129.9	-660.8
13.175	-123.7	-661.7
13.208	-113.0	-663.5
13.241	-98.66	-666.6
13.275	-80.34	-668.8
13.308	-58.99	-671.2
13.341	-35.93	-673.4
13.375	-12.25	-674.5
13.408	12.63	-674.6
13.441	36.11	-674.1
13.475	58.90	-672.8
13.508	76.98	-671.4
13.542	91.43	-669.4
13.575	102.4	-667.9
13.608	106.5	-667.3
13.642	106.3	-667.4
13.675	100.5	-668.2
13.708	90.00	-669.9
13.742	74.02	-671.5
13.775	54.09	-673.6
13.808	31.00	-674.8
13.842	6.979	-674.9
13.875	-18.92	-674.4
13.908	-43.41	-673.1
13.942	-66.55	-671.6
13.975	-86.35	-668.9
14.009	-103.8	-666.5
14.042	-116.6	-663.5
14.075	-125.6	-661.6
14.109	-129.6	-660.7
14.142	-129.2	-660.6
14.175	-124.0	-661.4
14.209	-114.8	-663.1
14.242	-100.6	-665.9
14.275	-83.56	-668.4
14.309	-63.32	-670.8
14.342	-40.80	-672.6
14.375	-16.45	-673.9
14.409	7.845	-674.2
14.442	31.14	-674.1
14.475	54.15	-672.7
14.509	73.31	-671.2
14.542	89.46	-669.5
14.576	101.1	-667.7
14.609	107.9	-666.9
14.642	108.5	-666.6
14.676	103.6	-667.3
14.709	94.10	-668.6
14.742	79.61	-670.3
14.776	60.64	-672.4
14.809	39.10	-674.0
14.842	14.60	-674.4
14.876	-10.49	-674.3
14.909	-34.67	-673.5
14.942	-58.13	-671.6
14.976	-79.74	-669.0
15.009	-97.41	-666.9
15.042	-111.3	-664.3
15.076	-121.6	-662.4
15.109	-126.7	-661.2
15.143	-127.4	-661.2
15.176	-124.0	-661.9
15.209	-115.6	-663.2
15.243	-103.2	-665.4
15.276	-86.72	-668.4
15.309	-67.43	-670.8
15.343	-45.17	-672.7
15.376	-21.80	-674.0
15.409	2.546	-674.5
15.443	26.42	-674.5
15.476	48.94	-673.5
15.509	68.56	-671.6
15.543	85.86	-669.9
15.576	97.18	-668.2
15.609	104.8	-667.7
15.643	106.5	-667.3
15.676	104.1	-667.8
15.710	95.41	-668.4
15.743	81.86	-670.4
15.776	64.32	-672.4
15.810	44.12	-673.8
15.843	21.02	-674.6
15.876	-3.948	-674.6
15.910	-28.55	-673.7
15.943	-52.43	-672.1
15.976	-73.73	-670.3
16.010	-92.19	-667.7
16.043	-107.1	-665.1
16.076	-118.8	-663.0
16.110	-125.1	-661.4
16.143	-127.2	-661.2
16.176	-124.9	-661.6
16.210	-118.2	-662.7
16.243	-106.8	-665.2
16.277	-91.70	-667.7
16.310	-72.85	-670.3
16.343	-51.52	-672.5
16.377	-28.20	-673.7
16.410	-4.553	-674.7
16.443	20.37	-674.8
16.477	42.80	-673.8
16.510	63.02	-672.6
16.543	80.84	-670.6
16.577	93.12	-669.2
16.610	101.7	-668.3
16.643	105.7	-667.8
16.677	104.1	-667.9
16.710	96.80	-668.6
16.743	86.04	-669.9
16.777	68.93	-671.5
16.810	48.54	-673.4
16.844	25.99	-674.6
16.877	1.465	-674.7
16.910	-23.01	-674.2
16.944	-46.82	-672.7
16.977	-68.18	-670.5
17.010	-88.09	-668.1
17.044	-104.1	-666.0
17.077	-116.2	-663.7
17.110	-123.8	-662.0
17.144	-126.9	-661.6
17.177	-125.1	-661.8
17.210	-119.3	-662.5
17.244	-109.5	-664.2
17.277	-95.16	-667.2
17.311	-77.52	-669.8
17.344	-57.32	-671.9
17.377	-34.49	-673.4
17.411	-11.07	-674.6
17.444	13.08	-674.8
17.477	35.61	-674.4
17.511	56.45	-673.1
17.544	74.77	-671.6
17.577	88.34	-670.1
17.611	99.18	-668.7
17.644	103.4	-668.3
17.677	103.3	-668.4
17.711	97.66	-669.2
17.744	87.54	-670.5
17.777	72.15	-672.2
17.811	52.76	-674.3
17.844	30.56	-675.5
17.878	7.634	-675.9
17.911	-17.22	-675.1
17.944	-40.98	-674.4
17.978	-63.31	-672.6
18.011	-83.53	-669.8
18.044	-99.74	-667.5
18.078	-112.6	-665.2
18.111	-121.1	-663.7
18.144	-125.7	-662.7
18.178	-125.5	-662.6
18.211	-120.5	-663.4
18.244	-111.2	-665.2
18.278	-98.26	-667.7
18.311	-81.77	-670.0
18.344	-61.60	-672.1
18.378	-39.39	-674.2
18.411	-16.39	-675.6
18.445	8.149	-675.8
18.478	30.93	-675.3
18.511	52.19	-674.3
18.545	71.41	-672.7
18.578	86.91	-671.0
18.611	97.46	-669.4
18.645	103.7	-668.7
18.678	104.2	-668.5
18.711	100.7	-668.9
18.745	91.33	-669.8
18.778	76.91	-671.4
18.811	58.63	-673.4
18.845	37.35	-674.4
18.878	13.67	-675.4
18.911	-10.89	-675.1
18.945	-34.09	-674.4
18.978	-57.01	-672.8
19.012	-77.69	-670.3
19.045	-94.69	-668.1
19.078	-108.1	-666.2
19.112	-118.1	-664.5
19.145	-123.9	-663.3
19.178	-124.4	-663.3
19.212	-120.6	-664.1
19.245	-112.8	-665.9
19.278	-100.5	-667.9
19.312	-84.66	-670.0
19.345	-65.30	-672.4
19.378	-43.92	-674.3
19.412	-21.34	-675.7
19.445	2.173	-676.4
19.478	25.89	-676.0
19.512	47.66	-674.8
19.545	66.14	-673.3
19.579	82.89	-671.7
19.612	94.12	-670.3
19.645	101.5	-669.5
19.679	103.2	-669.3
19.712	101.0	-669.8
19.745	92.47	-670.6
19.779	79.09	-672.4
19.812	61.44	-674.2
19.845	41.90	-675.7
19.879	18.39	-676.1
19.912	-5.277	-676.5
19.945	-28.87	-675.6
19.979	-51.33	-674.1
20.012	-72.52	-672.0
20.046	-90.69	-669.3
20.079	-105.2	-667.2
20.112	-115.6	-665.3
20.146	-121.9	-664.4
20.179	-123.5	-664.1
20.212	-121.2	-664.7
20.246	-114.4	-665.9
20.279	-103.4	-667.9
20.312	-88.45	-670.0
20.346	-70.49	-672.6
20.379	-49.43	-674.8
20.412	-26.99	-676.0
20.446	-3.692	-676.5
20.479	19.41	-676.4
20.512	42.21	-675.6
20.546	61.45	-674.5
20.579	78.65	-672.9
20.613	90.91	-671.2
20.646	99.03	-670.6
20.679	102.1	-669.8
20.713	100.9	-669.9
20.746	93.52	-670.6
20.779	82.32	-671.8
20.813	65.47	-673.4
20.846	45.93	-675.2
20.879	23.60	-676.2
20.913	0.328	-676.5
20.946	-22.90	-675.8
20.979	-45.78	-674.3
21.013	-67.31	-672.3
21.046	-86.06	-669.9
21.079	-101.5	-667.7
21.113	-113.1	-665.4
21.146	-120.8	-664.0
21.180	-123.4	-663.3
21.213	-122.3	-663.6
21.246	-116.4	-664.7
21.280	-106.4	-666.7
21.313	-92.42	-668.7
21.346	-75.39	-671.0
21.380	-55.32	-672.8
21.413	-33.26	-674.5
21.446	-10.37	-675.5
21.480	12.83	-675.8
21.513	34.54	-675.1
21.546	55.88	-673.9
21.580	72.97	-672.3
21.613	86.54	-670.7
21.646	95.12	-670.2
21.680	99.74	-669.5
21.713	98.87	-669.5
21.747	92.99	-670.3
21.780	83.03	-671.3
21.813	66.80	-673.4
21.847	48.17	-675.1
21.880	27.06	-676.3
21.913	3.717	-676.8
21.947	-20.01	-676.1
21.980	-42.80	-674.9
22.013	-64.46	-673.1
22.047	-83.18	-670.9
22.080	-99.56	-668.3
22.113	-111.7	-666.3
22.147	-120.0	-664.8
22.180	-124.2	-664.1
22.213	-124.1	-664.4
22.247	-119.5	-665.5
22.280	-110.4	-667.2
22.314	-97.47	-669.6
22.347	-80.99	-671.7
22.380	-61.55	-673.6
22.414	-39.65	-675.6
22.447	-17.15	-676.6
22.480	5.571	-677.2
22.514	28.39	-676.8
22.547	49.39	-675.6
22.580	67.40	-674.1
22.614	82.32	-672.8
22.647	92.50	-671.4
22.680	98.18	-670.7
22.714	98.66	-670.6
22.747	93.95	-671.2
22.780	84.46	-672.3
22.814	71.18	-673.7
22.847	53.77	-675.4
22.881	32.60	-676.5
22.914	10.27	-676.8
22.947	-13.04	-676.3
22.981	-35.58	-675.3
23.014	-57.85	-673.9
23.047	-77.39	-671.6
23.081	-94.26	-669.1
23.114	-107.8	-667.2
23.147	-116.7	-665.7
23.181	-121.8	-664.6
23.214	-122.3	-664.6
23.247	-118.7	-665.3
23.281	-110.8	-666.9
23.314	-98.62	-668.7
23.348	-83.44	-670.9
23.381	-64.27	-673.0
23.414	-43.39	-674.7
23.448	-20.88	-675.8
23.481	2.060	-676.3
23.514	25.14	-675.9
23.548	46.49	-674.9
23.581	65.04	-673.4
23.614	80.30	-671.8
23.648	91.63	-670.4
23.681	98.10	-669.8
23.714	99.36	-669.5
23.748	96.36	-669.8
23.781	88.49	-670.4
23.814	74.96	-672.3
23.848	58.67	-673.8
23.881	38.02	-675.3
23.915	16.30	-675.7
23.948	-6.420	-675.5
23.981	-29.28	-674.5
24.015	-51.48	-673.2
24.048	-71.47	-671.3
24.081	-89.31	-669.1
24.115	-103.3	-667.2
24.148	-113.7	-665.5
24.181	-120.2	-664.3
24.215	-122.0	-664.2
24.248	-119.7	-665.0
24.281	-112.9	-665.9
24.315	-102.4	-667.9
24.348	-87.73	-669.8
24.381	-69.77	-671.8
24.415	-49.27	-673.6
24.448	-27.36	-675.0
24.482	-4.024	-675.5
24.515	19.14	-675.5
24.548	40.53	-674.8
24.582	60.10	-673.6
24.615	75.96	-671.9
24.648	87.92	-670.4
24.682	95.23	-669.5
24.715	98.00	-669.6
24.748	95.65	-669.6
24.782	89.50	-669.9
24.815	77.14	-671.3
24.848	61.26	-673.1
24.882	42.32	-674.5
24.915	21.57	-675.4
24.948	-1.575	-675.5
24.982	-23.65	-674.6
25.015	-46.26	-673.4
25.049	-67.26	-671.5
25.082	-84.86	-669.3
25.115	-99.38	-667.4
25.149	-110.8	-665.4
25.182	-118.1	-664.3
25.215	-121.4	-664.0
25.249	-120.2	-663.9
25.282	-114.6	-664.9
25.315	-104.6	-666.8
25.349	-90.83	-668.6
25.382	-73.62	-671.0
25.415	-53.75	-672.7
25.449	-31.44	-673.8
25.482	-8.509	-674.6
25.515	14.51	-674.8
25.549	35.48	-674.3
25.582	56.29	-672.8
25.616	72.74	-671.6
25.649	86.86	-669.8
25.682	94.55	-668.8
25.716	97.88	-668.5
25.749	96.74	-668.5
25.782	91.79	-668.9
25.816	80.35	-670.2
25.849	66.40	-671.6
25.882	49.42	-672.8
25.916	28.54	-673.9
25.949	6.309	-673.7
25.982	-17.09	-673.2
26.016	-39.13	-672.4
26.049	-60.27	-670.7
26.082	-79.15	-668.5
26.116	-94.73	-666.5
26.149	-107.1	-664.6
26.183	-115.3	-663.2
26.216	-119.7	-662.6
26.249	-119.4	-662.7
26.283	-114.7	-663.5
26.316	-106.1	-664.9
26.349	-93.44	-667.2
26.383	-77.07	-669.5
26.416	-58.32	-671.6
26.449	-37.12	-673.3
26.483	-14.93	-674.5
26.516	8.330	-674.7
26.549	29.91	-674.5
26.583	50.00	-673.6
26.616	67.80	-671.9
26.650	81.34	-670.3
26.683	91.42	-669.3
26.716	96.52	-668.8
26.750	96.81	-668.7
26.783	91.64	-669.2
26.816	82.18	-670.3
26.850	69.01	-671.8
26.883	51.45	-673.2
26.916	31.50	-674.5
26.950	10.27	-674.8
26.983	-12.37	-674.5
27.016	-34.75	-673.4
27.050	-56.09	-671.9
27.083	-75.23	-669.7
27.116	-91.39	-667.5
27.150	-104.5	-665.4
27.183	-113.9	-664.1
27.217	-119.4	-663.4
27.250	-120.2	-663.5
27.283	-116.7	-664.2
27.317	-108.9	-665.6
27.350	-97.46	-667.6
27.383	-81.74	-669.8
27.417	-63.47	-671.9
27.450	-42.65	-673.4
27.483	-20.34	-674.6
27.517	1.805	-675.2
27.550	24.16	-674.9
27.583	45.15	-673.8
27.617	63.06	-672.5
27.650	77.56	-671.5
27.683	89.11	-669.7
27.717	95.68	-668.7
27.750	96.86	-668.6
27.784	93.51	-668.9
27.817	85.57	-669.6
27.850	73.43	-670.7
27.884	57.90	-671.8
27.917	39.11	-672.7
27.950	17.19	-673.5
27.984	-5.326	-673.4
28.017	-27.47	-672.7
28.050	-49.04	-671.2
28.084	-69.37	-669.4
28.117	-86.76	-667.3
28.150	-100.5	-665.6
28.184	-110.5	-664.0
28.217	-116.5	-662.7
28.250	-118.3	-662.4
28.284	-116.2	-662.8
28.317	-109.6	-663.9
28.351	-98.49	-665.8
28.384	-83.62	-668.0
28.417	-65.93	-669.8
28.451	-45.75	-671.6
28.484	-24.26	-672.8
28.517	-1.797	-673.2
28.551	20.61	-673.5
28.584	41.57	-672.7
28.617	59.72	-671.5
28.651	74.78	-670.4
28.684	87.24	-668.7
28.717	93.05	-668.3
28.751	94.87	-668.3
28.784	92.48	-668.5
28.817	85.70	-669.2
28.851	74.62	-670.4
28.884	59.46	-671.8
28.918	40.44	-673.2
28.951	20.07	-674.0
28.984	-2.066	-673.7
29.018	-24.56	-672.9
29.051	-45.75	-671.5
29.084	-65.93	-669.5
29.118	-83.97	-667.6
29.151	-98.61	-665.8
29.184	-109.3	-664.3
29.218	-116.9	-663.2
29.251	-119.9	-663.2
29.284	-118.6	-663.6
29.318	-112.4	-664.6
29.351	-102.8	-666.4
29.385	-88.84	-668.5
29.418	-71.88	-670.7
29.451	-51.69	-672.4
29.485	-30.72	-674.0
29.518	-8.215	-674.5
29.551	13.82	-674.6
29.585	34.53	-674.3
29.618	53.32	-673.3
29.651	70.47	-671.7
29.685	82.65	-670.6
29.718	90.73	-669.6
29.751	93.89	-669.3
29.785	92.65	-669.6
29.818	86.41	-670.1
29.851	76.33	-671.4
29.885	62.19	-672.2
29.918	44.21	-674.1
29.952	24.56	-674.9
29.985	2.961	-675.0
30.018	-19.52	-674.3
30.052	-41.33	-673.2
30.085	-61.81	-671.7
30.118	-79.79	-669.6
30.152	-94.83	-667.6
30.185	-106.4	-666.0
30.218	-114.4	-664.5
30.252	-117.7	-664.2
30.285	-117.1	-664.5
30.318	-112.3	-665.4
30.352	-103.8	-666.9
30.385	-90.99	-668.6
30.418	-75.36	-670.8
30.452	-56.00	-672.5
30.485	-35.12	-674.0
30.519	-13.15	-674.6
30.552	9.222	-674.5
30.585	30.05	-674.6
30.619	49.47	-673.5
30.652	66.51	-671.6
30.685	78.91	-671.2
30.719	88.78	-670.0
30.752	92.58	-669.4
30.785	92.36	-669.4
30.819	88.28	-669.8
30.852	79.31	-670.4
30.885	66.05	-671.8
30.919	48.69	-673.3
30.952	28.61	-674.2
30.985	7.344	-674.6
31.019	-14.79	-674.3
31.052	-36.38	-673.3
31.086	-57.05	-671.8
31.119	-75.56	-669.8
31.152	-91.49	-667.6
31.186	-103.7	-665.8
31.219	-112.6	-664.3
31.252	-117.3	-663.9
31.286	-117.8	-663.7
31.319	-113.7	-664.3
31.352	-105.7	-666.1
31.386	-93.76	-668.1
31.419	-77.80	-670.4
31.452	-58.93	-672.4
31.486	-38.53	-674.1
31.519	-17.02	-675.4
31.552	5.213	-675.6
31.586	26.78	-675.6
31.619	46.40	-674.6
31.653	64.79	-672.9
31.686	77.88	-671.7
31.719	87.61	-670.5
31.753	93.24	-669.8
31.786	94.10	-669.7
31.819	90.48	-669.8
31.853	82.46	-670.4
31.886	69.84	-671.7
31.919	54.23	-672.7
31.953	35.17	-673.7
31.986	13.89	-674.3
32.019	-8.284	-674.2
32.053	-30.23	-673.4
32.086	-51.21	-672.4
32.119	-70.18	-670.6
32.153	-86.95	-668.5
32.186	-100.3	-666.7
32.220	-110.2	-665.2
32.253	-116.2	-664.5
32.286	-117.9	-664.5
32.320	-115.2	-665.1
32.353	-108.4	-666.6
32.386	-97.20	-668.1
32.420	-82.89	-670.6
32.453	-64.61	-672.5
32.486	-44.61	-674.4
32.520	-23.50	-675.6
32.553	-1.734	-676.1
32.586	20.38	-676.1
32.620	40.64	-675.6
32.653	58.84	-674.4
32.687	72.94	-673.3
32.720	83.55	-672.3
32.753	89.97	-671.7
32.787	91.30	-671.3
32.820	88.93	-671.7
32.853	81.38	-672.3
32.887	70.01	-673.5
32.920	54.77	-674.7
32.953	36.75	-675.8
32.987	15.58	-676.3
33.020	-5.549	-676.3
33.053	-27.22	-675.5
33.087	-48.29	-674.2
33.120	-67.79	-672.8
33.153	-84.56	-670.7
33.187	-98.59	-668.7
33.220	-108.9	-667.0
33.254	-115.8	-665.9
33.287	-118.1	-665.4
33.320	-116.4	-665.8
33.354	-110.3	-666.9
33.387	-100.9	-668.2
33.420	-86.99	-670.4
33.454	-70.02	-672.5
33.487	-50.53	-674.4
33.520	-29.61	-675.6
33.554	-7.650	-676.3
33.587	14.58	-676.6
33.620	35.20	-675.8
33.654	53.46	-674.7
33.687	68.84	-673.4
33.720	80.41	-672.7
33.754	87.86	-671.3
33.787	90.31	-671.3
33.821	88.81	-671.5
33.854	82.96	-671.9
33.887	72.22	-672.5
33.921	57.73	-674.2
33.954	40.14	-675.3
33.987	20.31	-676.2
34.021	-0.306	-676.4
34.054	-21.86	-675.8
34.087	-42.99	-674.6
34.121	-62.70	-672.9
34.154	-80.58	-670.9
34.187	-95.25	-668.7
34.221	-106.7	-667.2
34.254	-114.1	-666.4
34.287	-117.9	-666.0
34.321	-117.2	-665.9
34.354	-112.5	-666.6
34.388	-103.3	-668.2
34.421	-90.54	-670.1
34.454	-74.10	-672.6
34.488	-55.24	-674.2
34.521	-34.58	-675.7
34.554	-13.06	-676.4
34.588	9.044	-676.8
34.621	29.52	-676.1
34.654	48.60	-675.6
34.688	64.46	-674.0
34.721	77.11	-672.7
34.754	85.73	-671.7
34.788	89.28	-671.3
34.821	88.68	-671.4
34.854	83.99	-671.8
34.888	74.25	-672.4
34.921	60.94	-673.8
34.955	43.81	-675.1
34.988	24.97	-675.8
35.021	4.087	-676.0
35.055	-17.54	-675.1
35.088	-38.53	-674.5
35.121	-58.54	-673.1
35.155	-76.72	-671.4
35.188	-91.71	-669.8
35.221	-103.9	-667.8
35.255	-112.3	-666.5
35.288	-116.8	-665.9
35.321	-116.8	-665.7
35.355	-112.6	-666.5
35.388	-104.6	-667.8
35.422	-92.45	-669.6
35.455	-77.10	-671.6
35.488	-58.97	-673.5
35.522	-38.89	-674.7
35.555	-17.04	-675.6
35.588	5.057	-676.0
35.622	25.41	-675.3
35.655	44.81	-674.7
35.688	60.84	-673.5
35.722	74.81	-672.0
35.755	83.85	-670.9
35.788	88.24	-670.1
35.822	88.70	-670.4
35.855	84.79	-670.7
35.888	76.44	-671.4
35.922	64.38	-672.5
35.955	48.88	-673.8
35.989	30.11	-674.5
36.022	10.42	-674.8
36.055	-11.01	-674.5
36.089	-32.18	-673.7
36.122	-52.73	-672.1
36.155	-71.26	-670.7
36.189	-87.24	-668.6
36.222	-100.5	-667.0
36.255	-109.9	-665.6
36.289	-114.9	-664.7
36.322	-116.4	-664.6
36.355	-113.5	-664.9
36.389	-106.4	-665.9
36.422	-95.15	-667.6
36.455	-80.60	-669.5
36.489	-62.76	-671.4
36.522	-42.98	-672.8
36.556	-21.75	-673.9
36.589	-0.712	-674.1
36.622	20.27	-674.4
36.656	40.54	-673.7
36.689	57.34	-672.5
36.722	71.62	-671.3
36.756	81.59	-670.5
36.789	87.87	-669.6
36.822	88.97	-669.6
36.856	86.36	-669.6
36.889	78.70	-670.4
36.922	67.07	-671.3
36.956	52.25	-672.6
36.989	34.41	-673.7
37.022	14.39	-674.2
37.056	-6.391	-674.1
37.089	-27.63	-673.6
37.123	-48.23	-672.4
37.156	-67.30	-670.9
37.189	-83.76	-668.9
37.223	-97.40	-667.0
37.256	-107.5	-665.6
37.289	-113.7	-664.7
37.323	-115.3	-664.5
37.356	-113.4	-664.8
37.389	-107.1	-665.7
37.423	-97.07	-667.4
37.456	-83.31	-669.1
37.489	-66.32	-671.4
37.523	-47.16	-673.2
37.556	-26.60	-674.4
37.589	-4.732	-674.9
37.623	16.45	-674.5
37.656	35.65	-674.2
37.690	53.33	-673.3
37.723	67.77	-672.3
37.756	78.66	-671.5
37.790	85.85	-670.6
37.823	87.82	-670.4
37.856	85.81	-670.6
37.890	79.58	-670.9
37.923	69.49	-671.4
37.956	55.42	-672.7
37.990	38.71	-673.8
38.023	18.67	-674.3
38.056	-2.063	-674.5
38.090	-23.20	-674.0
38.123	-43.79	-672.7
38.156	-63.33	-671.1
38.190	-80.07	-669.6
38.223	-94.61	-667.7
38.257	-105.1	-666.2
38.290	-112.7	-665.4
38.323	-115.5	-665.3
38.357	-114.2	-665.7
38.390	-108.7	-666.6
38.423	-99.30	-668.1
38.457	-86.41	-670.1
38.490	-69.95	-672.3
38.523	-51.16	-673.9
38.557	-31.03	-675.0
38.590	-10.23	-675.5
38.623	10.87	-675.7
38.657	31.23	-674.7
38.690	49.59	-673.9
38.724	64.85	-672.9
38.757	76.21	-671.4
38.790	84.24	-670.4
38.824	87.23	-670.2
38.857	86.49	-670.5
38.890	81.62	-670.9
38.924	72.12	-671.3
38.957	58.82	-672.6
38.990	42.66	-673.9
39.024	22.97	-674.5
39.057	2.604	-674.6
39.090	-18.44	-674.1
39.124	-38.81	-673.3
39.157	-58.39	-671.9
39.190	-76.07	-670.1
39.224	-91.00	-668.6
39.257	-102.8	-667.0
39.291	-110.5	-665.8
39.324	-114.0	-665.4
39.357	-114.2	-665.5
39.391	-110.0	-666.2
39.424	-101.5	-667.7
39.457	-89.07	-669.3
39.491	-73.61	-671.5
39.524	-55.16	-673.2
39.557	-35.23	-674.6
39.591	-14.41	-675.5
39.624	6.848	-675.5
39.657	26.82	-675.3
39.691	44.96	-674.8
39.724	60.43	-673.5
39.757	72.97	-672.6
39.791	81.41	-671.5
39.824	85.14	-671.1
39.858	85.17	-671.4
39.891	81.19	-671.6
39.924	72.74	-672.4
39.958	60.24	-673.4
39.991	45.01	-674.5
40.024	26.25	-675.3
40.058	6.578	-675.8
40.091	-14.44	-675.5
40.124	-35.01	-674.5
40.158	-54.86	-673.4
40.191	-72.51	-671.8
40.224	-88.11	-669.7
40.258	-100.8	-668.2
40.291	-109.2	-667.0
40.324	-114.2	-666.2
40.358	-114.8	-666.4
40.391	-110.9	-667.1
40.425	-103.3	-668.6
40.458	-91.57	-670.3
40.491	-76.84	-672.2
40.525	-58.75	-674.1
40.558	-38.88	-675.6
40.591	-17.96	-676.6
40.625	2.803	-676.8
40.658	23.11	-676.2
40.691	42.01	-675.8
40.725	57.82	-674.7
40.758	70.62	-673.4
40.791	79.65	-672.9
40.825	84.97	-672.0
40.858	85.40	-671.5
40.891	82.04	-671.8
40.925	73.66	-672.3
40.958	62.32	-673.4
40.992	47.82	-674.9
41.025	29.78	-675.3
41.058	10.62	-675.8
41.092	-10.09	-675.4
41.125	-30.60	-674.7
41.158	-50.67	-673.6
41.192	-69.09	-672.1
41.225	-85.10	-670.4
41.258	-98.01	-669.0
41.292	-107.8	-667.4
41.325	-113.6	-666.8
41.358	-114.8	-666.6
41.392	-111.8	-666.8
41.425	-104.9	-668.0
41.458	-94.16	-669.3
41.492	-80.23	-671.2
41.525	-62.58	-673.1
41.559	-43.39	-674.9
41.592	-22.82	-675.6
41.625	-2.327	-676.2
41.659	18.14	-676.1
41.692	37.56	-675.6
41.725	54.60	-674.5
41.759	67.86	-673.5
41.792	77.85	-672.7
41.825	83.61	-671.8
41.859	85.06	-671.5
41.892	82.59	-671.6
41.925	75.70	-672.3
41.959	64.68	-673.3
41.992	50.94	-674.6
42.026	33.92	-675.4
42.059	14.07	-676.3
42.092	-6.404	-676.3
42.126	-26.73	-675.5
42.159	-46.50	-674.5
42.192	-65.13	-673.2
42.226	-81.68	-671.7
42.259	-95.23	-670.0
42.292	-105.3	-668.4
42.326	-112.0	-667.6
42.359	-115.0	-667.3
42.392	-113.4	-667.7
42.426	-107.4	-668.6
42.459	-97.53	-670.2
42.492	-84.56	-672.0
42.526	-68.08	-673.3
42.559	-49.45	-675.2
42.593	-29.09	-676.4
42.626	-8.768	-677.2
42.659	12.33	-677.3
42.693	31.91	-677.0
42.726	48.75	-675.9
42.759	62.72	-674.5
42.793	73.93	-673.6
42.826	80.53	-672.7
42.859	82.82	-672.4
42.893	81.23	-672.5
42.926	75.85	-672.8
42.959	65.89	-673.3
42.993	52.74	-674.8
43.026	36.18	-675.5
43.059	17.71	-676.0
43.093	-2.289	-676.1
43.126	-22.48	-675.9
43.160	-42.42	-674.7
43.193	-61.23	-673.3
43.226	-78.32	-671.8
43.260	-92.57	-669.9
43.293	-103.6	-668.2
43.326	-110.6	-667.4
43.360	-114.4	-667.1
43.393	-113.6	-667.5
43.426	-108.5	-668.4
43.460	-99.70	-669.8
43.493	-87.05	-671.3
43.526	-71.06	-673.3
43.560	-53.36	-675.1
43.593	-33.60	-676.3
43.626	-13.07	-677.4
43.660	7.352	-677.6
43.693	26.73	-677.2
43.727	44.62	-676.3
43.760	59.45	-675.5
43.793	70.91	-674.4
43.827	78.51	-673.8
43.860	81.95	-673.3
43.893	81.26	-673.4
43.927	76.77	-673.7
43.960	67.97	-674.4
43.993	55.55	-675.6
44.027	39.99	-676.5
44.060	21.70	-677.0
44.093	2.189	-677.2
44.127	-17.30	-676.8
44.160	-37.26	-675.9
44.193	-57.04	-674.5
44.227	-74.78	-673.2
44.260	-89.53	-671.6
44.294	-101.4	-670.2
44.327	-109.4	-669.3
44.360	-113.7	-668.7
44.394	-113.5	-668.6
44.427	-109.7	-669.3
44.460	-101.5	-670.5
44.494	-89.74	-672.2
44.527	-74.71	-674.1
44.560	-56.86	-676.1
44.594	-37.27	-677.4
44.627	-17.20	-678.4
44.660	3.459	-678.8
44.694	22.82	-678.4
44.727	41.12	-677.5
44.761	56.51	-676.6
44.794	69.02	-675.6
44.827	77.13	-674.6
44.861	82.29	-673.8
44.894	82.68	-673.7
44.927	78.48	-673.9
44.961	70.93	-674.4
44.994	59.38	-675.5
45.027	44.45	-676.5
45.061	27.21	-677.1
45.094	8.408	-677.7
45.127	-11.45	-677.5
45.161	-31.71	-676.8
45.194	-51.11	-675.5
45.227	-69.22	-674.3
45.261	-84.51	-672.7
45.294	-97.12	-670.9
45.328	-106.2	-669.6
45.361	-111.6	-668.9
45.394	-112.5	-668.7
45.428	-109.5	-668.9
45.461	-102.3	-669.8
45.494	-91.47	-671.3
45.528	-77.28	-673.0
45.561	-60.21	-675.0
45.594	-41.73	-675.8
45.628	-21.44	-676.7
45.661	-1.218	-677.1
45.694	18.65	-677.0
45.728	37.27	-675.8
45.761	53.39	-674.8
45.794	66.63	-673.7
45.828	75.66	-672.7
45.861	81.17	-671.7
45.895	82.56	-671.5
45.928	80.07	-672.0
45.961	72.88	-672.0
45.995	61.69	-672.6
46.028	48.10	-673.7
46.061	31.11	-674.4
46.095	12.69	-674.9
46.128	-7.084	-674.7
46.161	-27.44	-674.1
46.195	-46.66	-673.2
46.228	-64.92	-672.1
46.261	-81.04	-671.0
46.295	-94.18	-669.0
46.328	-104.0	-667.5
46.361	-110.2	-666.8
46.395	-112.3	-666.6
46.428	-109.9	-666.8
46.462	-103.4	-667.6
46.495	-93.56	-669.0
46.528	-79.70	-670.4
46.562	-63.56	-672.1
46.595	-44.81	-673.8
46.628	-25.11	-674.7
46.662	-5.367	-675.1
46.695	14.32	-675.1
46.728	33.21	-674.7
46.762	49.89	-674.0
46.795	63.33	-672.6
46.828	73.50	-671.7
46.862	79.63	-670.9
46.895	81.53	-670.4
46.928	79.83	-670.9
46.962	73.96	-670.8
46.995	63.79	-671.3
47.029	50.79	-672.6
47.062	34.81	-673.4
47.095	15.96	-674.3
47.129	-3.616	-674.4
47.162	-23.29	-674.0
47.195	-42.73	-672.8
47.229	-60.91	-671.5
47.262	-77.46	-669.9
47.295	-91.29	-668.2
47.329	-101.5	-667.2
47.362	-108.2	-666.5
47.395	-111.1	-666.3
47.429	-109.7	-666.6
47.462	-104.1	-667.4
47.495	-95.13	-668.7
47.529	-82.45	-670.3
47.562	-66.40	-672.0
47.596	-48.39	-673.3
47.629	-29.24	-674.4
47.662	-9.450	-675.3
47.696	10.11	-675.1
47.729	29.54	-674.8
47.762	46.17	-673.8
47.796	60.41	-672.6
47.829	71.25	-671.6
47.862	78.69	-670.8
47.896	81.20	-670.3
47.929	80.13	-670.4
47.962	75.43	-670.8
47.996	67.24	-671.2
48.029	54.59	-672.4
48.063	39.30	-673.4
48.096	21.08	-674.5
48.129	2.267	-674.7
48.163	-18.07	-674.4
48.196	-37.48	-673.5
48.229	-56.28	-672.4
48.263	-73.11	-671.0
48.296	-87.75	-669.2
48.329	-98.37	-668.0
48.363	-105.8	-667.4
48.396	-109.4	-667.2
48.429	-108.7	-667.4
48.463	-103.7	-668.3
48.496	-95.08	-669.6
48.529	-82.81	-671.2
48.563	-67.78	-673.0
48.596	-50.03	-674.2
48.630	-31.15	-675.4
48.663	-12.09	-676.2
48.696	7.851	-676.5
48.730	26.93	-676.0
48.763	43.03	-675.3
48.796	57.32	-674.3
48.830	68.50	-673.4
48.863	76.33	-672.9
48.896	79.89	-672.2
48.930	79.49	-672.4
48.963	75.40	-672.6
48.996	67.23	-673.2
49.030	55.61	-674.4
49.063	40.79	-675.5
49.096	23.20	-676.2
49.130	5.029	-676.7
49.163	-14.82	-676.4
49.197	-34.25	-675.7
49.230	-52.91	-674.6
49.263	-70.36	-673.1
49.297	-85.24	-671.7
49.330	-97.32	-670.2
49.363	-105.4	-669.3
49.397	-109.8	-668.8
49.430	-109.7	-668.7
49.463	-105.9	-669.3
49.497	-97.88	-670.3
49.530	-86.27	-672.0
49.563	-71.99	-673.5
49.597	-55.24	-675.0
49.630	-36.38	-675.8
49.663	-17.05	-676.4
49.697	2.633	-676.8
49.730	21.87	-676.4
49.764	38.98	-675.7
49.797	53.60	-674.8
49.830	65.37	-673.6
49.864	74.06	-672.9
49.897	77.76	-672.3
49.930	78.13	-672.1
49.964	75.12	-672.6
49.997	67.96	-673.0
50.030	57.06	-673.8
50.064	42.72	-674.7
50.097	25.86	-675.4
50.130	8.075	-675.7
50.164	-11.86	-675.5
50.197	-31.00	-674.8
50.230	-49.91	-673.7
50.264	-67.56	-672.2
50.297	-82.73	-670.8
50.331	-94.64	-669.3
50.364	-103.6	-668.2
50.397	-108.8	-667.7
50.431	-109.6	-667.6
50.464	-106.8	-668.1
50.497	-99.69	-669.1
50.531	-88.76	-670.8
50.564	-74.90	-672.2
50.597	-58.91	-673.9
50.631	-40.88	-674.9
50.664	-21.22	-675.6
50.697	-1.582	-675.8
50.731	17.56	-675.7
50.764	35.20	-674.9
50.798	50.84	-673.9
50.831	62.96	-672.7
50.864	72.22	-671.6
50.898	77.06	-671.3
50.931	78.21	-671.1
50.964	75.75	-671.6
50.998	69.63	-671.8
51.031	59.32	-672.5
51.064	46.33	-673.5
51.098	30.39	-674.5
51.131	12.36	-675.1
51.164	-6.382	-675.3
51.198	-25.38	-675.0
51.231	-44.43	-673.8
51.264	-61.85	-672.3
51.298	-77.64	-670.9
51.331	-90.79	-669.2
51.365	-99.95	-668.1
51.398	-106.0	-667.8
51.431	-108.5	-667.3
51.465	-106.4	-667.7
51.498	-100.5	-668.7
51.531	-90.89	-669.7
51.565	-77.37	-671.3
51.598	-61.55	-672.9
51.631	-43.77	-674.2
51.665	-25.03	-675.2
51.698	-5.558	-675.8
51.731	13.59	-675.5
51.765	31.45	-675.0
51.798	47.59	-673.9
51.831	60.46	-672.7
51.865	70.49	-671.6
51.898	76.80	-671.0
51.932	78.55	-670.4
51.965	76.95	-670.7
51.998	71.73	-671.0
52.032	61.97	-671.4
52.065	50.15	-672.4
52.098	34.65	-673.5
52.132	17.76	-674.0
52.165	-1.150	-674.0
52.198	-20.38	-673.4
52.232	-39.61	-672.7
52.265	-57.49	-671.4
52.298	-73.66	-670.1
52.332	-86.71	-668.9
52.365	-97.07	-667.4
52.398	-104.1	-666.6
52.432	-107.3	-666.3
52.465	-106.4	-666.6
52.499	-101.4	-667.2
52.532	-93.00	-668.6
52.565	-80.94	-670.1
52.599	-65.83	-671.8
52.632	-48.40	-673.1
52.665	-29.47	-674.4
52.699	-10.11	-675.0
52.732	8.767	-674.8
52.765	26.43	-674.4
52.799	43.14	-673.6
52.832	56.85	-672.7
52.865	67.25	-671.7
52.899	73.73	-671.2
52.932	76.56	-671.2
52.965	75.78	-671.4
52.999	71.29	-671.6
53.032	62.92	-672.2
53.066	51.23	-673.1
53.099	36.66	-674.4
53.132	19.62	-675.1
53.166	1.175	-675.5
53.199	-17.67	-675.3
53.232	-36.18	-674.7
53.266	-54.51	-673.5
53.299	-70.97	-672.2
53.332	-85.28	-671.0
53.366	-96.60	-669.3
53.399	-103.9	-668.5
53.432	-107.3	-667.9
53.466	-107.1	-667.7
53.499	-103.0	-668.3
53.532	-95.21	-669.5
53.566	-83.79	-671.0
53.599	-69.12	-672.0
53.633	-51.89	-673.8
53.666	-33.61	-674.6
53.699	-14.89	-675.3
53.733	4.542	-675.6
53.766	22.43	-675.2
53.799	39.32	-674.7
53.833	53.41	-673.7
53.866	64.59	-672.6
53.899	71.68	-672.2
53.933	75.80	-671.9
53.966	75.67	-671.6
53.999	72.25	-671.8
54.033	64.49	-672.1
54.066	53.78	-673.2
54.100	39.77	-674.5
54.133	23.24	-675.2
54.166	5.406	-675.6
54.200	-13.28	-675.5
54.233	-32.21	-674.9
54.266	-50.55	-673.6
54.300	-67.48	-672.4
54.333	-81.73	-671.0
54.366	-93.17	-669.3
54.400	-101.6	-668.4
54.433	-105.9	-667.9
54.466	-106.7	-667.7
54.500	-103.4	-668.0
54.533	-95.82	-668.8
54.566	-85.04	-669.9
54.600	-71.39	-671.2
54.633	-55.17	-672.9
54.667	-37.27	-673.7
54.700	-18.63	-674.4
54.733	0.696	-674.5
54.767	18.50	-674.5
54.800	34.59	-674.2
54.833	49.48	-673.5
54.867	61.14	-672.6
54.900	69.80	-671.8
54.933	74.06	-671.2
54.967	74.60	-671.3
55.000	71.64	-671.5
55.033	65.39	-671.9
55.067	55.37	-672.3
55.100	41.97	-673.7
55.133	26.22	-674.2
55.167	9.109	-674.7
55.200	-9.301	-674.6
55.234	-28.35	-674.1
55.267	-46.87	-673.2
55.300	-63.87	-672.2
55.334	-78.28	-671.0
55.367	-90.61	-669.3
55.400	-99.62	-668.4
55.434	-104.8	-667.7
55.467	-105.8	-667.6
55.500	-103.2	-667.8
55.534	-96.90	-668.6
55.567	-87.11	-669.7
55.600	-73.98	-671.0
55.634	-58.51	-672.7
55.667	-40.91	-673.8
55.700	-22.60	-674.6
55.734	-3.408	-674.9
55.767	14.75	-674.7
55.801	31.13	-674.2
55.834	46.51	-673.4
55.867	59.01	-672.7
55.901	67.33	-671.7
55.934	72.43	-671.2
55.967	74.27	-671.2
56.001	72.36	-671.4
56.034	66.82	-671.9
56.067	57.47	-672.5
56.101	45.07	-673.7
56.134	29.48	-674.1
56.167	12.45	-674.9
56.201	-5.944	-674.8
56.234	-25.18	-674.3
56.267	-43.36	-673.5
56.301	-60.78	-672.3
56.334	-75.96	-671.1
56.368	-88.89	-669.9
56.401	-98.00	-668.7
56.434	-104.1	-667.8
56.468	-106.1	-667.5
56.501	-104.7	-667.7
56.534	-99.19	-668.4
56.568	-89.75	-669.7
56.601	-77.02	-671.0
56.634	-61.87	-672.2
56.668	-44.62	-673.5
56.701	-26.45	-674.5
56.734	-7.687	-674.8
56.768	10.71	-674.7
56.801	27.70	-674.3
56.835	43.33	-673.6
56.868	55.97	-672.9
56.901	65.35	-671.7
56.935	71.30	-671.1
56.968	73.75	-671.3
57.001	72.43	-671.4
57.035	67.49	-671.7
57.068	59.02	-672.3
57.101	46.66	-673.5
57.135	32.23	-674.2
57.168	15.22	-675.2
57.201	-2.583	-675.4
57.235	-21.26	-675.2
57.268	-39.42	-674.6
57.301	-57.05	-673.5
57.335	-72.99	-672.2
57.368	-86.39	-670.9
57.402	-96.20	-669.6
57.435	-103.0	-668.5
57.468	-105.9	-668.3
57.502	-105.3	-668.5
57.535	-100.4	-669.3
57.568	-91.64	-670.5
57.602	-79.59	-671.7
57.635	-65.12	-673.0
57.668	-48.38	-674.5
57.702	-30.72	-675.6
57.735	-12.55	-676.1
57.768	5.959	-676.4
57.802	23.68	-676.0
57.835	38.36	-675.2
57.868	52.05	-674.7
57.902	61.81	-673.5
57.935	68.38	-673.1
57.969	71.56	-673.2
58.002	71.08	-673.4
58.035	66.62	-673.6
58.069	58.62	-674.0
58.102	46.99	-675.3
58.135	33.16	-675.8
58.169	17.08	-676.3
58.202	-0.670	-676.6
58.235	-19.37	-676.3
58.269	-37.51	-675.5
58.302	-54.97	-674.6
58.335	-71.10	-673.2
58.369	-85.15	-672.2
58.402	-96.01	-671.3
58.435	-103.4	-670.4
58.469	-106.9	-670.2
58.502	-107.0	-670.4
58.536	-102.9	-671.0
58.569	-95.03	-672.1
58.602	-84.24	-673.5
58.636	-70.14	-674.7
58.669	-54.01	-675.9
58.702	-36.60	-676.7
58.736	-18.45	-677.3
58.769	-0.465	-678.0
58.802	16.72	-678.9
58.836	33.11	-677.2
58.869	47.18	-676.2
58.902	57.80	-675.9
58.936	65.09	-675.4
58.969	68.60	-675.2
59.002	68.84	-675.5
59.036	65.06	-675.7
59.069	57.80	-675.8
59.103	46.85	-676.8
59.136	34.06	-676.8
59.169	17.85	-677.4
59.203	0.628	-677.6
59.236	-17.58	-677.1
59.269	-35.50	-676.7
59.303	-53.21	-675.6
59.336	-69.39	-674.6
59.369	-83.51	-673.4
59.403	-94.75	-672.1
59.436	-102.6	-671.3
59.469	-106.7	-670.9
59.503	-107.0	-670.7
59.536	-103.9	-671.0
59.569	-97.15	-671.6
59.603	-86.74	-672.4
59.636	-73.00	-673.8
59.670	-57.77	-674.9
59.703	-40.09	-675.7
59.736	-22.28	-676.4
59.770	-4.508	-677.1
59.803	13.17	-677.2
59.836	29.65	-676.8
59.870	43.84	-675.9
59.903	54.96	-675.0
59.936	63.12	-674.4
59.970	67.49	-674.2
60.003	68.45	-674.4
60.036	65.89	-674.6
60.070	59.30	-675.1
60.103	49.91	-675.9
60.137	37.00	-676.4
60.170	21.63	-677.2
60.203	4.894	-677.8
60.237	-13.27	-677.3
60.270	-31.09	-676.9
60.303	-49.03	-675.7
60.337	-65.61	-674.4
60.370	-79.99	-673.4
60.403	-92.07	-672.5
